13
16
16
8
-8
-24
-32
-26
-7
17
32
27
1
-33
-55
-49
-14
35
69
65
19
-48
-97
-95
-35
55
124
126
51
-67
-161
-170
-76
77
203
221
106
-89
-255
-286
-147
99
316
367
199
-111
-391
-468
-268
121
484
597
359
-131
-604
-769
-483
139
764
1008
664
-147
-998
-1370
-948
153
1382
1999
1473
-157
-2176
-3424
-2806
160
5012
10413
14631
16223
14631
10413
5012
160
-2806
-3424
-2176
-157
1473
1999
1382
153
-948
-1370
-998
-147
664
1008
764
139
-483
-769
-604
-131
359
597
484
121
-268
-468
-391
-111
199
367
316
99
-147
-286
-255
-89
106
221
203
77
-76
-170
-161
-67
51
126
124
55
-35
-95
-97
-48
19
65
69
35
-14
-49
-55
-33
1
27
32
17
-7
-26
-32
-24
-8
8
16
16
13
