0
3320612
1346897
2368694
-69813
-689391
3940337
3666352
4931675
4294881
164825
2685977
3559130
4371385
6710886
2281533
1232919
1980943
1093033
5022713
3628943
355346
495444
-2391492
0
2391492
-495444
-355346
-3628943
-5022713
-1093033
-1980943
-1232919
-2281533
-6710886
-4371385
-3559130
-2685977
-164825
-4294881
-4931675
-3666352
-3940337
689391
69813
-2368694
-1346897
-3320612
0
3320612
1346897
2368694
-69813
-689391
3940337
3666352
4931675
4294881
164825
2685977
3559130
4371385
6710886
2281533
1232919
1980943
1093033
5022713
3628943
355346
495444
-2391492
0
2391492
-495444
-355346
-3628943
-5022713
-1093033
-1980943
-1232919
-2281533
-6710886
-4371385
-3559130
-2685977
-164825
-4294881
-4931675
-3666352
-3940337
689391
69813
-2368694
-1346897
-3320612
0
3320612
1346897
2368694
-69813
-689391
3940337
3666352
4931675
4294881
164825
2685977
3559130
4371385
6710886
2281533
1232919
1980943
1093033
5022713
3628943
355346
495444
-2391492
-0
2391492
-495444
-355346
-3628943
-5022713
-1093033
-1980943
-1232919
-2281533
-6710886
-4371385
-3559130
-2685977
-164825
-4294881
-4931675
-3666352
-3940337
689391
69813
-2368694
-1346897
-3320612
0
3320612
1346897
2368694
-69813
-689391
3940337
3666352
4931675
4294881
164825
2685977
3559130
4371385
6710886
2281533
1232919
1980943
1093033
5022713
3628943
355346
495444
-2391492
-0
2391492
-495444
-355346
-3628943
-5022713
-1093033
-1980943
-1232919
-2281533
-6710886
-4371385
-3559130
-2685977
-164825
-4294881
-4931675
-3666352
-3940337
689391
69813
-2368694
-1346897
-3320612
0
3320612
1346897
2368694
-69813
-689391
3940337
3666352
4931675
4294881
164825
2685977
3559130
4371385
6710886
2281533
1232919
1980943
1093033
5022713
3628943
355346
495444
-2391492
-0
2391492
-495444
-355346
-3628943
-5022713
-1093033
-1980943
-1232919
-2281533
-6710886
-4371385
-3559130
-2685977
-164825
-4294881
-4931675
-3666352
-3940337
689391
69813
-2368694
-1346897
-3320612
-0
3320612
1346897
2368694
-69813
-689391
3940337
3666352
4931675
4294881
164825
2685977
3559130
4371385
6710886
2281533
1232919
1980943
1093033
5022713
3628943
355346
495444
-2391492
-0
2391492
-495444
-355346
-3628943
-5022713
-1093033
-1980943
-1232919
-2281533
-6710886
-4371385
-3559130
-2685977
-164825
-4294881
-4931675
-3666352
-3940337
689391
69813
-2368694
-1346897
-3320612
0
3320612
1346897
2368694
-69813
-689391
3940337
3666352
4931675
4294881
164825
2685977
3559130
4371385
6710886
2281533
1232919
1980943
1093033
5022713
3628943
355346
495444
-2391492
-0
2391492
-495444
-355346
-3628943
-5022713
-1093033
-1980943
-1232919
-2281533
-6710886
-4371385
-3559130
-2685977
-164825
-4294881
-4931675
-3666352
-3940337
689391
69813
-2368694
-1346897
-3320612
-0
3320612
1346897
2368694
-69813
-689391
3940337
3666352
4931675
4294881
164825
2685977
3559130
4371385
6710886
2281533
1232919
1980943
1093033
5022713
3628943
355346
495444
-2391492
-0
2391492
-495444
-355346
-3628943
-5022713
-1093033
-1980943
-1232919
-2281533
-6710886
-4371385
-3559130
-2685977
-164825
-4294881
-4931675
-3666352
-3940337
689391
69813
-2368694
-1346897
-3320612
0
3320612
1346897
2368694
-69813
-689391
3940337
3666352
4931675
4294881
164825
2685977
3559130
4371385
6710886
2281533
1232919
1980943
1093033
5022713
3628943
355346
495444
-2391492
-0
2391492
-495444
-355346
-3628943
-5022713
-1093033
-1980943
-1232919
-2281533
-6710886
-4371385
-3559130
-2685977
-164825
-4294881
-4931675
-3666352
-3940337
689391
69813
-2368694
-1346897
-3320612
-0
3320612
1346897
2368694
-69813
-689391
3940337
3666352
4931675
4294881
164825
2685977
3559130
4371385
6710886
2281533
1232919
1980943
1093033
5022713
3628943
355346
495444
-2391492
-0
2391492
-495444
-355346
-3628943
-5022713
-1093033
-1980943
-1232919
-2281533
-6710886
-4371385
-3559130
-2685977
-164825
-4294881
-4931675
-3666352
-3940337
689391
69813
-2368694
-1346897
-3320612
-0
3320612
1346897
2368694
-69813
-689391
3940337
3666352
4931675
4294881
164825
2685977
3559130
4371385
6710886
2281533
1232919
1980943
1093033
5022713
3628943
355346
495444
-2391492
-0
2391492
-495444
-355346
-3628943
-5022713
-1093033
-1980943
-1232919
-2281533
-6710886
-4371385
-3559130
-2685977
-164825
-4294881
-4931675
-3666352
-3940337
689391
69813
-2368694
-1346897
-3320612
-0
3320612
1346897
2368694
-69813
-689391
3940337
3666352
4931675
4294881
164825
2685977
3559130
4371385
6710886
2281533
1232919
1980943
1093033
5022713
3628943
355346
495444
-2391492
0
2391492
-495444
-355346
-3628943
-5022713
-1093033
-1980943
-1232919
-2281533
-6710886
-4371385
-3559130
-2685977
-164825
-4294881
-4931675
-3666352
-3940337
689391
69813
-2368694
-1346897
-3320612
0
3320612
1346897
2368694
-69813
-689391
3940337
3666352
4931675
4294881
164825
2685977
3559130
4371385
6710886
2281533
1232919
1980943
1093033
5022713
3628943
355346
495444
-2391492
0
2391492
-495444
-355346
-3628943
-5022713
-1093033
-1980943
-1232919
-2281533
-6710886
-4371385
-3559130
-2685977
-164825
-4294881
-4931675
-3666352
-3940337
689391
69813
-2368694
-1346897
-3320612
-0
3320612
1346897
2368694
-69813
-689391
3940337
3666352
4931675
4294881
164825
2685977
3559130
4371385
6710886
2281533
1232919
1980943
1093033
5022713
3628943
355346
495444
-2391492
-0
2391492
-495444
-355346
-3628943
-5022713
-1093033
-1980943
-1232919
-2281533
-6710886
-4371385
-3559130
-2685977
-164825
-4294881
-4931675
-3666352
-3940337
689391
69813
-2368694
-1346897
-3320612
-0
3320612
1346897
2368694
-69813
-689391
3940337
3666352
4931675
4294881
164825
2685977
3559130
4371385
6710886
2281533
1232919
1980943
1093033
5022713
3628943
355346
495444
-2391492
-0
2391492
-495444
-355346
-3628943
-5022713
-1093033
-1980943
-1232919
-2281533
-6710886
-4371385
-3559130
-2685977
-164825
-4294881
-4931675
-3666352
-3940337
689391
69813
-2368694
-1346897
-3320612
-0
3320612
1346897
2368694
-69813
-689391
3940337
3666352
4931675
4294881
164825
2685977
3559130
4371385
6710886
2281533
1232919
1980943
1093033
5022713
3628943
355346
495444
-2391492
-0
2391492
-495444
-355346
-3628943
-5022713
-1093033
-1980943
-1232919
-2281533
-6710886
-4371385
-3559130
-2685977
-164825
-4294881
-4931675
-3666352
-3940337
689391
69813
-2368694
-1346897
-3320612
0
3320612
1346897
2368694
-69813
-689391
3940337
3666352
4931675
4294881
164825
2685977
3559130
4371385
6710886
2281533
1232919
1980943
1093033
5022713
3628943
355346
495444
-2391492
0
2391492
-495444
-355346
-3628943
-5022713
-1093033
-1980943
-1232919
-2281533
-6710886
-4371385
-3559130
-2685977
-164825
-4294881
-4931675
-3666352
-3940337
689391
69813
-2368694
-1346897
-3320612
0
3320612
1346897
2368694
-69813
-689391
3940337
3666352
4931675
4294881
164825
2685977
3559130
4371385
6710886
2281533
1232919
1980943
1093033
5022713
3628943
355346
495444
-2391492
-0
2391492
-495444
-355346
-3628943
-5022713
-1093033
-1980943
-1232919
-2281533
-6710886
-4371385
-3559130
-2685977
-164825
-4294881
-4931675
-3666352
-3940337
689391
69813
-2368694
-1346897
-3320612
-0
3320612
1346897
2368694
-69813
-689391
3940337
3666352
4931675
4294881
164825
2685977
3559130
4371385
6710886
2281533
1232919
1980943
1093033
5022713
3628943
355346
495444
-2391492
-0
2391492
-495444
-355346
-3628943
-5022713
-1093033
-1980943
-1232919
-2281533
-6710886
-4371385
-3559130
-2685977
-164825
-4294881
-4931675
-3666352
-3940337
689391
69813
-2368694
-1346897
-3320612
-0
3320612
1346897
2368694
-69813
-689391
3940337
3666352
4931675
4294881
164825
2685977
3559130
4371385
6710886
2281533
1232919
1980943
1093033
5022713
3628943
355346
495444
-2391492
-0
2391492
-495444
-355346
-3628943
-5022713
-1093033
-1980943
-1232919
-2281533
-6710886
-4371385
-3559130
-2685977
-164825
-4294881
-4931675
-3666352
-3940337
689391
69813
-2368694
-1346897
-3320612
