0
0
0
0
0
0
0
0
0
0
0
4
-1
-28
1
158
328
394
406
422
405
322
203
79
-69
-259
-443
-574
-647
-667
-576
-332
-25
243
473
668
771
741
561
232
-198
-664
-1104
-1455
-1651
-1644
-1438
-1065
-534
120
783
1341
1693
1762
1604
1307
790
7
-854
-1585
-2111
-2380
-2260
-1674
-786
196
1188
2101
2737
2926
2719
2216
1331
34
-1402
-2673
-3637
-4185
-4119
-3327
-2012
-451
1204
2777
3980
4566
4403
3456
1842
-219
-2449
-4528
-6128
-6978
-6855
-5670
-3607
-984
1882
4620
6767
7924
7915
6721
4382
1108
-2582
-6084
-8901
-10609
-10785
-9219
-6173
-2134
2412
6881
10512
12627
12961
11483
8113
3049
-2880
-8688
-13555
-16752
-17624
-15825
-11541
-5319
2040
9527
15965
20269
21648
19688
14419
6355
-3420
-13504
-22382
-28611
-30976
-28738
-21885
-11070
2452
16926
30172
40001
44521
42431
33245
17466
-3352
-26710
-49444
-67991
-78720
-78423
-65083
-37822
3057
55849
117279
183003
248241
307971
357473
392757
411571
413041
398115
369117
330051
285627
241101
201371
170839
152552
148030
156948
177434
206017
238194
268745
292677
305407
303550
285048
249672
198868
135993
65718
-6477
-74678
-133133
-176667
-201441
-204936
-186466
-146887
-88760
-15846
67014
154499
241311
322480
393760
451841
494999
522648
535599
535570
525524
508785
489220
470379
455813
448144
449363
460153
480502
509032
543662
581209
618391
651324
676476
690330
690373
674661
642856
595493
534524
462713
384091
303115
224583
153123
93293
48835
22196
14554
25790
54461
97753
151900
212520
274933
334585
387357
430086
460603
478147
483117
477450
463934
446270
428340
414246
407478
411037
426658
455050
495343
545707
602874
662983
721266
773253
814299
840821
849731
839624
809969
762077
698133
621748
537028
449210
363380
284327
216010
161741
123555
102117
96735
105723
126335
154869
187162
219128
246954
267372
278006
277901
267263
247377
220536
190044
159707
133506
115223
108274
115178
137260
174513
225727
288336
358886
432943
505738
572159
627777
668505
691556
694992
678626
643272
591567
526875
453598
376268
299741
228314
165893
115258
78141
54892
44555
44965
53134
65428
77875
86607
88368
80695
62005
31925
-8646
-57561
-111776
-167376
-219995
-265067
-298733
-317644
-319522
-303107
-268711
-217827
-153374
-79204
0
79204
153374
217827
268711
303107
319522
317644
298733
265067
219995
167376
111776
57561
8646
-31925
-62005
-80695
-88368
-86607
-77875
-65428
-53134
-44965
-44555
-54892
-78141
-115258
-165893
-228314
-299741
-376268
-453598
-526875
-591567
-643272
-678626
-694992
-691556
-668505
-627777
-572155
-505738
-432971
-358885
-288179
-225400
-174120
-136854
-114756
-107869
-114901
-133304
-159627
-190114
-220795
-247821
-267837
-278548
-278673
-267947
-247286
-219153
-186919
-154395
-125667
-104952
-95994
-101556
-123323
-161940
-216674
-285432
-364834
-450861
-538672
-623186
-699198
-762611
-809849
-838840
-848390
-839128
-812536
-771648
-719959
-662192
-602867
-546561
-496928
-457161
-429039
-413297
-409152
-415032
-428144
-445082
-461832
-474713
-480191
-475429
-458387
-428755
-387323
-335988
-277607
-216157
-156085
-101871
-57788
-27802
-15005
-20992
-46058
-89313
-148557
-220180
-299659
-382249
-462932
-536973
-600020
-648984
-681638
-697228
-696000
-680083
-652308
-616509
-576589
-536894
-501108
-472587
-453432
-444981
-447035
-458394
-476463
-498121
-519394
-536310
-544789
-541773
-524782
-492587
-444959
-383247
-309853
-228350
-143017
-58902
18895
85879
138200
172911
188184
183817
160842
121591
69358
8516
-56191
-120027
-178599
-228024
-265360
-289130
-299052
-296096
-282249
-260576
-234629
-208410
-185686
-169915
-163621
-168386
-184444
-210929
-245626
-285530
-326685
-364870
-395575
-414923
-419467
-406917
-375963
-326961
-261426
-182362
-93670
0
93670
182362
261426
326961
375963
406917
419467
414923
395575
364870
326685
285530
245626
210929
184444
168386
163621
169915
185686
208410
234629
260576
282249
296096
299052
289130
265360
228024
178599
120027
56191
-8516
-69358
-121591
-160842
-183817
-188184
-172911
-138200
-85879
-18895
58902
143017
228350
309853
383247
444959
492587
524782
541773
544789
536310
519394
498121
476463
458394
447035
444981
453432
472587
501108
536894
576589
616509
652308
680083
696000
697228
681638
648984
600020
536973
462932
382249
299659
220180
148557
89313
46058
20992
15005
27802
57788
101871
156085
216157
277607
335988
387323
428755
458387
475429
480191
474713
461832
445082
428144
415032
409152
413297
429039
457161
496928
546561
602867
662192
719959
771648
812536
839128
848390
838840
809849
762611
699198
623186
538672
450861
364834
285432
216674
161940
123323
101556
95994
104952
125667
154395
186919
219153
247286
267947
278673
278548
267837
247821
220795
190114
159627
133304
114901
107869
114756
136854
174120
225400
288179
358885
432971
505738
572155
627777
668505
691556
694992
678626
643272
591567
526875
453598
376268
299741
228314
165893
115258
78141
54892
44555
44965
53134
65428
77875
86607
88368
80695
62005
31925
-8646
-57561
-111776
-167376
-219995
-265067
-298733
-317644
-319522
-303107
-268711
-217827
-153374
-79204
0
79204
153374
217827
268711
303107
319522
317644
298733
265067
219995
167376
111776
57561
8646
-31925
-62005
-80695
-88368
-86607
-77875
-65428
-53134
-44965
-44555
-54892
-78141
-115258
-165893
-228314
-299741
-376268
-453598
-526875
-591567
-643272
-678626
-694992
-691556
-668505
-627777
-572155
-505738
-432971
-358885
-288179
-225400
-174120
-136854
-114756
-107869
-114901
-133304
-159627
-190114
-220795
-247821
-267837
-278548
-278673
-267947
-247286
-219153
-186919
-154395
-125667
-104952
-95994
-101556
-123323
-161940
-216674
-285432
-364834
-450861
-538672
-623186
-699198
-762611
-809849
-838840
-848390
-839128
-812536
-771648
-719959
-662192
-602867
-546561
-496928
-457161
-429039
-413297
-409152
-415032
-428144
-445082
-461832
-474713
-480191
-475429
-458387
-428755
-387323
-335988
-277607
-216157
-156085
-101871
-57788
-27802
-15005
-20992
-46058
-89313
-148557
-220180
-299659
-382249
-462932
-536973
-600020
-648984
-681638
-697228
-696000
-680083
-652308
-616509
-576589
-536894
-501108
-472587
-453432
-444981
-447035
-458394
-476463
-498121
-519394
-536310
-544789
-541773
-524782
-492587
-444959
-383247
-309853
-228350
-143017
-58902
18895
85879
138200
172911
188184
183817
160842
121591
69358
8516
-56191
-120027
-178599
-228024
-265360
-289130
-299052
-296096
-282249
-260576
-234629
-208410
-185686
-169915
-163621
-168386
-184444
-210929
-245626
-285530
-326685
-364870
-395575
-414923
-419467
-406917
-375963
-326961
-261426
-182362
-93670
0
93670
182362
261426
326961
375963
406917
419467
414923
395575
364870
326685
285530
245626
210929
184444
168386
163621
169915
185686
208410
234629
260576
282249
296096
299052
289130
265360
228024
178599
120027
56191
-8516
-69358
-121591
-160842
-183817
-188184
-172911
-138200
-85879
-18895
58902
143017
228350
309853
383247
444959
492587
524782
541773
544789
536310
519394
498121
476463
458394
447035
444981
453432
472587
501108
536894
576589
616509
652308
680083
696000
697228
681638
648984
600020
536973
462932
382249
299659
220180
148557
89313
46058
20992
15005
27802
57788
101871
156085
216157
277607
335988
387323
428755
458387
475429
480191
474713
461832
445082
428144
415032
409152
413297
429039
457161
496928
546561
602867
662192
719959
771648
812536
839128
848390
838840
809849
762611
699198
623186
538672
450861
364834
285432
216674
161940
123323
101556
95994
104952
125667
154395
186919
219153
247286
267947
278673
278548
267837
247821
220795
190114
159627
133304
114901
107869
114756
136854
174120
225400
288179
358885
432971
505738
572155
627777
668505
691556
694992
678626
643272
591567
526875
453598
376268
299741
228314
165893
115258
78141
54892
44555
44965
53134
65428
77875
86607
88368
80695
62005
31925
-8646
-57561
-111776
-167376
-219995
-265067
-298733
-317644
-319522
-303107
-268711
-217827
-153374
-79204
0
79204
153374
217827
268711
303107
319522
317644
298733
265067
219995
167376
111776
57561
8646
-31925
-62005
-80695
-88368
-86607
-77875
-65428
-53134
-44965
-44555
-54892
-78141
-115258
-165893
-228314
-299741
-376268
-453598
-526875
-591567
-643272
-678626
-694992
-691556
-668505
-627777
-572155
-505738
-432971
-358885
-288179
-225400
-174120
-136854
-114756
-107869
-114901
-133304
-159627
-190114
-220795
-247821
-267837
-278548
-278673
-267947
-247286
-219153
-186919
-154395
-125667
-104952
-95994
-101556
-123323
-161940
-216674
-285432
-364834
-450861
-538672
-623186
-699198
-762611
-809849
-838840
-848390
-839128
-812536
-771648
-719959
-662192
-602867
-546561
-496928
-457161
-429039
-413297
-409152
-415032
-428144
-445082
-461832
-474713
-480191
-475429
-458387
-428755
-387323
-335988
-277607
-216157
-156085
-101871
-57788
-27802
-15005
-20992
-46058
-89313
-148557
-220180
-299659
-382249
-462932
-536973
-600020
-648984
-681638
-697228
-696000
-680083
-652308
-616509
-576589
-536894
-501108
-472587
-453432
-444981
-447035
-458394
-476463
-498121
-519394
-536310
-544789
-541773
-524782
-492587
-444959
-383247
-309853
-228350
-143017
-58902
18895
85879
138200
172911
188184
183817
160842
121591
69358
8516
-56191
-120027
-178599
-228024
-265360
-289130
-299052
-296096
-282249
-260576
-234629
-208410
-185686
-169915
-163621
-168386
-184444
-210929
-245626
-285530
-326685
-364870
-395575
-414923
-419467
-406917
-375963
-326961
-261426
-182362
-93670
0
93670
182362
261426
326961
375963
406917
419467
414923
395575
364870
326685
285530
245626
210929
184444
168386
163621
169915
185686
208410
234629
260576
282249
296096
299052
289130
265360
228024
178599
120027
56191
-8516
-69358
-121591
-160842
-183817
-188184
-172911
-138200
-85879
-18895
58902
143017
228350
309853
383247
444959
492587
524782
541773
544789
536310
519394
498121
476463
458394
447035
444981
453432
472587
501108
536894
576589
616509
652308
680083
696000
697228
681638
648984
600020
536973
462932
382249
299659
220180
148557
89313
46058
20992
15005
27802
57788
101871
156085
216157
277607
335988
387323
428755
458387
475429
480191
474713
461832
445082
428144
415032
409152
413297
429039
457161
496928
546561
602867
662192
719959
771648
812536
839128
848390
838840
809849
762611
699198
623186
538672
450861
364834
285432
216674
161940
123323
101556
95994
104952
125667
154395
186919
219153
247286
267947
278673
278548
267837
247821
220795
190114
159627
133304
114901
107869
114756
136854
174120
225400
288179
358885
432971
505738
572155
627777
668505
691556
694992
678626
643272
591567
526875
453598
376268
299741
228314
165893
115258
78141
54892
44555
44965
53134
65428
77875
86607
88368
80695
62005
31925
-8646
-57561
-111776
-167376
-219995
-265067
-298733
-317644
-319522
-303107
-268711
-217827
-153374
-79204
0
79204
153374
217827
268711
303107
319522
317644
298733
265067
219995
167376
111776
57561
8646
-31925
-62005
-80695
-88368
-86607
-77875
-65428
-53134
-44965
-44555
-54892
-78141
-115258
-165893
-228314
-299741
-376268
-453598
-526875
-591567
-643272
-678626
-694992
-691556
-668505
-627777
-572155
-505738
-432971
-358885
-288179
-225400
-174120
-136854
-114756
-107869
-114901
-133304
-159627
-190114
-220795
-247821
-267837
-278548
-278673
-267947
-247286
-219153
-186919
-154395
-125667
-104952
-95994
-101556
-123323
-161940
-216674
-285432
-364834
-450861
-538672
-623186
-699198
-762611
-809849
-838840
-848390
-839128
-812536
-771648
-719959
-662192
-602867
-546561
-496928
-457161
-429039
-413297
-409152
-415032
-428144
-445082
-461832
-474713
-480191
-475429
-458387
-428755
-387323
-335988
-277607
-216157
-156085
-101871
-57788
-27802
-15005
-20992
-46058
-89313
-148557
-220180
-299659
-382249
-462932
-536973
-600020
-648984
-681638
-697228
-696000
-680083
-652308
-616509
-576589
-536894
-501108
-472587
-453432
-444981
-447035
-458394
-476463
-498121
-519394
-536310
-544789
-541773
-524782
-492587
-444959
-383247
-309853
-228350
-143017
-58902
18895
85879
138200
172911
188184
183817
160842
121591
69358
8516
-56191
-120027
-178599
-228024
-265360
-289130
-299052
-296096
-282249
-260576
-234629
-208410
-185686
-169915
-163621
-168386
-184444
-210929
-245626
-285530
-326685
-364870
-395575
-414923
-419467
-406917
-375963
-326961
-261426
-182362
-93670
0
93670
182362
261426
326961
375963
406917
419467
414923
395575
364870
326685
285530
245626
210929
184444
168386
163621
169915
185686
208410
234629
260576
282249
296096
299052
289130
265360
228024
178599
120027
56191
-8516
-69358
-121591
-160842
-183817
-188184
-172911
-138200
-85879
-18895
58902
143017
228350
309853
383247
444959
492587
524782
541773
544789
536310
519394
498121
476463
458394
447035
444981
453432
472587
501108
536894
576589
616509
652308
680083
696000
697228
681638
648984
600020
536973
462932
382249
299659
220180
148557
89313
46058
20992
15005
27802
57788
101871
156085
216157
277607
335988
387323
428755
458387
475429
480191
474713
461832
445082
428144
415032
409152
413297
429039
457161
496928
546561
602867
662192
719959
771648
812536
839128
848390
838840
809849
762611
699198
623186
538672
450861
364834
285432
216674
161940
123323
101556
95994
104952
125667
154395
186919
219153
247286
267947
278673
278548
267837
247821
220795
190114
159627
133304
114901
107869
114756
136854
174120
225400
288179
358885
432971
505738
572155
627777
668505
691556
694992
678626
643272
591567
526875
453598
376268
299741
228314
165893
115258
78141
54892
44555
44965
53134
65428
77875
86607
88368
80695
62005
31925
-8646
-57561
-111776
-167376
-219995
-265067
-298733
-317644
-319522
-303107
-268711
-217827
-153374
-79204
0
79204
153374
217827
268711
303107
319522
317644
298733
265067
219995
167376
111776
57561
8646
-31925
-62005
-80695
-88368
-86607
-77875
-65428
-53134
-44965
-44555
-54892
-78141
-115258
-165893
-228314
-299741
-376268
-453598
-526875
-591567
-643272
-678626
-694992
-691556
-668505
-627777
-572155
-505738
-432971
-358885
-288179
-225400
-174120
-136854
-114756
-107869
-114901
-133304
-159627
-190114
-220795
-247821
-267837
-278548
-278673
-267947
-247286
-219153
-186919
-154395
-125667
-104952
-95994
-101556
-123323
-161940
-216674
-285432
-364834
-450861
-538672
-623186
-699198
-762611
-809849
-838840
-848390
-839128
-812536
-771648
-719959
-662192
-602867
-546561
-496928
-457161
-429039
-413297
-409152
-415032
-428144
-445082
-461832
-474713
-480191
-475429
-458387
-428755
-387323
-335988
-277607
-216157
-156085
-101871
-57788
-27802
-15005
-20992
-46058
-89313
-148557
-220180
-299659
-382249
-462932
-536973
-600020
-648984
-681638
-697228
-696000
-680083
-652308
-616509
-576589
-536894
-501108
-472587
-453432
-444981
-447035
-458394
-476463
-498121
-519394
-536310
-544789
-541773
-524782
-492587
-444959
-383247
-309853
-228350
-143017
-58902
18895
85879
138200
172911
188184
183817
160842
121591
69358
8516
-56191
-120027
-178599
-228024
-265360
-289130
-299052
-296096
-282249
-260576
-234629
-208410
-185686
-169915
-163621
-168386
-184444
-210929
-245626
-285530
-326685
-364870
-395575
-414923
-419467
-406917
-375963
-326961
-261426
-182362
-93670
0
93670
182362
261426
326961
375963
406917
419467
414923
395575
364870
326685
285530
245626
210929
184444
168386
163621
169915
185686
208410
234629
260576
282249
296096
299052
289130
265360
228024
178599
120027
56191
-8516
-69358
-121591
-160842
-183817
-188184
-172911
-138200
-85879
-18895
58902
143017
228350
309853
383247
444959
492587
524782
541773
544789
536310
519394
498121
476463
458394
447035
444981
453432
472587
501108
536894
576589
616509
652308
680083
696000
697228
681638
648984
600020
536973
462932
382249
299659
220180
148557
89313
46058
20992
15005
27802
57788
101871
156085
216157
277607
335988
387323
428755
458387
475429
480191
474713
461832
445082
428144
415032
409152
413297
429039
457161
496928
546561
602867
662192
719959
771648
812536
839128
848390
838840
809849
762611
699198
623186
538672
450861
364834
285432
216674
161940
123323
101556
95994
104952
125667
154395
186919
219153
247286
267947
278673
278548
267837
247821
220795
190114
159627
133304
114901
107869
114756
136854
174120
225400
288179
358885
432971
505738
572155
627777
668505
691556
694992
678626
643272
591567
526875
453598
376268
299741
228314
165893
115258
78141
54892
44555
44965
53134
65428
77875
86607
88368
80695
62005
31925
-8646
-57561
-111776
-167376
-219995
-265067
-298733
-317644
-319522
-303107
-268711
-217827
-153374
-79204
0
79204
153374
217827
268711
303107
319522
317644
298733
265067
219995
167376
111776
57561
8646
-31925
-62005
-80695
-88368
-86607
-77875
-65428
-53134
-44965
-44555
-54892
-78141
-115258
-165893
-228314
-299741
-376268
-453598
-526875
-591567
-643272
-678626
-694992
-691556
-668505
-627777
-572155
-505738
-432971
-358885
-288179
-225400
-174120
-136854
-114756
-107869
-114901
-133304
-159627
-190114
-220795
-247821
-267837
-278548
-278673
-267947
-247286
-219153
-186919
-154395
-125667
-104952
-95994
-101556
-123323
-161940
-216674
-285432
-364834
-450861
-538672
-623186
-699198
-762611
-809849
-838840
-848390
-839128
-812536
-771648
-719959
-662192
-602867
-546561
-496928
-457161
-429039
-413297
-409152
-415032
-428144
-445082
-461832
-474713
-480191
-475429
-458387
-428755
-387323
-335988
-277607
-216157
-156085
-101871
-57788
-27802
-15005
-20992
-46058
-89313
-148557
-220180
-299659
-382249
-462932
-536973
-600020
-648984
-681638
-697228
-696000
-680083
-652308
-616509
-576589
-536894
-501108
-472587
-453432
-444981
-447035
-458394
-476463
-498121
-519394
-536310
-544789
-541773
-524782
-492587
-444959
-383247
-309853
-228350
-143017
-58902
18895
85879
138200
172911
188184
183817
160842
121591
69358
8516
-56191
-120027
-178599
-228024
-265360
-289130
-299052
-296096
-282249
-260576
-234629
-208410
-185686
-169915
-163621
-168386
-184444
-210929
-245626
-285530
-326685
-364870
-395575
-414923
-419467
-406917
-375963
-326961
-261426
-182362
-93670
0
93670
182362
261426
326961
375963
406917
419467
414923
395575
364870
326685
285530
245626
210929
184444
168386
163621
169915
185686
208410
234629
260576
282249
296096
299052
289130
265360
228024
178599
120027
56191
-8516
-69358
-121591
-160842
-183817
-188184
-172911
-138200
-85879
-18895
58902
143017
228350
309853
383247
444959
492587
524782
541773
544789
536310
519394
498121
476463
458394
447035
444981
453432
472587
501108
536894
576589
616509
652308
680083
696000
697228
681638
648984
600020
536973
462932
382249
299659
220180
148557
89313
46058
20992
15005
27802
57788
101871
156085
216157
277607
335988
387323
428755
458387
475429
480191
474713
461832
445082
428144
415032
409152
413297
429039
457161
496928
546561
602867
662192
719959
771648
812536
839128
848390
838840
809849
762611
699198
623186
538672
450861
364834
285432
216674
161940
123323
101556
95994
104952
125667
154395
186919
219153
247286
267947
278673
278548
267837
247821
220795
190114
159627
133304
114901
107869
114756
136854
174120
225400
288179
358885
432971
505738
572155
627777
668505
691556
694992
678626
643272
591567
526875
453598
376268
299741
228314
165893
115258
78141
54892
44555
44965
53134
65428
77875
86607
88368
80695
62005
31925
-8646
-57561
-111776
-167376
-219995
-265067
-298733
-317644
-319522
-303107
-268711
-217827
-153374
-79204
0
79204
153374
217827
268711
303107
319522
317644
298733
265067
219995
167376
111776
57561
8646
-31925
-62005
-80695
-88368
-86607
-77875
-65428
-53134
-44965
-44555
-54892
-78141
-115258
-165893
-228314
-299741
-376268
-453598
-526875
-591567
-643272
-678626
-694992
-691556
-668505
-627777
-572155
-505738
-432971
-358885
-288179
-225400
-174120
-136854
-114756
-107869
-114901
-133304
-159627
-190114
-220795
-247821
-267837
-278548
-278673
-267947
-247286
-219153
-186919
-154395
-125667
-104952
-95994
-101556
-123323
-161940
-216674
-285432
-364834
-450861
-538672
-623186
-699198
-762611
-809849
-838840
-848390
-839128
-812536
-771648
-719959
-662192
-602867
-546561
-496928
-457161
-429039
-413297
-409152
-415032
-428144
-445082
-461832
-474713
-480191
-475429
-458387
-428755
-387323
-335988
-277607
-216157
-156085
-101871
-57788
-27802
-15005
-20992
-46058
-89313
-148557
-220180
-299659
-382249
-462932
-536973
-600020
-648984
-681638
-697228
-696000
-680083
-652308
-616509
-576589
-536894
-501108
-472587
-453432
-444981
-447035
-458394
-476463
-498121
-519394
-536310
-544789
-541773
-524782
-492587
-444959
-383247
-309853
-228350
-143017
-58902
18895
85879
138200
172911
188184
183817
160842
121591
69358
8516
-56191
-120027
-178599
-228024
-265360
-289130
-299052
-296096
-282249
-260576
-234629
-208410
-185686
-169915
-163621
-168386
-184444
-210929
-245626
-285530
-326685
-364870
-395575
-414923
-419467
-406917
-375963
-326961
-261426
-182362
-93670
0
93670
182362
261426
326961
375963
406917
419467
414923
395575
364870
326685
285530
245626
210929
184444
168386
163621
169915
185686
208410
234629
260576
282249
296096
299052
289130
265360
228024
178599
120027
56191
-8516
-69358
-121591
-160842
-183817
-188184
-172911
-138200
-85879
-18895
58902
143017
228350
309853
383247
444959
492587
524782
541773
544789
536310
519394
498121
476463
458394
447035
444981
453432
472587
501108
536894
576589
616509
652308
680083
696000
697228
681638
648984
600020
536973
462932
382249
299659
220180
148557
89313
46058
20992
15005
27802
57788
101871
156085
216157
277607
335988
387323
428755
458387
475429
480191
474713
461832
445082
428144
415032
409152
413297
429039
457161
496928
546561
602867
662192
719959
771648
812536
839128
848390
838840
809849
762611
699198
623186
538672
450861
364834
285432
216674
161940
123323
101556
95994
104952
125667
154395
186919
219153
247286
267947
278673
278548
267837
247821
220795
190114
159627
133304
114901
107869
114756
136854
174120
225400
288179
358885
432971
505738
572155
627777
668505
691556
694992
678626
643272
591567
526875
453598
376268
299741
228314
165893
115258
78141
54892
44555
44965
53134
65428
77875
86607
88368
80695
62005
31925
-8646
-57561
-111776
-167376
-219995
-265067
-298733
-317644
-319522
-303107
-268711
-217827
-153374
-79204
0
79204
153374
217827
268711
303107
319522
317644
298733
265067
219995
167376
111776
57561
8646
-31925
-62005
-80695
-88368
-86607
-77875
-65428
-53134
-44965
-44555
-54892
-78141
-115258
-165893
-228314
-299741
-376268
-453598
-526875
-591567
-643272
-678626
-694992
-691556
-668505
-627777
-572155
-505738
-432971
-358885
-288179
-225400
-174120
-136854
-114756
-107869
-114901
-133304
-159627
-190114
-220795
-247821
-267837
-278548
-278673
-267947
-247286
-219153
-186919
-154395
-125667
-104952
-95994
-101556
-123323
-161940
-216674
-285432
-364834
-450861
-538672
-623186
-699198
-762611
-809849
-838840
-848390
-839128
-812536
-771648
-719959
-662192
-602867
-546561
-496928
-457161
-429039
-413297
-409152
-415032
-428144
-445082
-461832
-474713
-480191
-475429
-458387
-428755
-387323
-335988
-277607
-216157
-156085
-101871
-57788
-27802
-15005
-20992
-46058
-89313
-148557
-220180
-299659
-382249
-462932
-536973
-600020
-648984
-681638
-697228
-696000
-680083
-652308
-616509
-576589
-536894
-501108
-472587
-453432
-444981
-447035
-458394
-476463
-498121
-519394
-536310
-544789
-541773
-524782
-492587
-444959
-383247
-309853
-228350
-143017
-58902
18895
85879
138200
172911
188184
183817
160842
121591
69358
8516
-56191
-120027
-178599
-228024
-265360
-289130
-299052
-296096
-282249
-260576
-234629
-208410
-185686
-169915
-163621
-168386
-184444
-210929
-245626
-285530
-326685
-364870
-395575
-414923
-419467
-406917
-375963
-326961
-261426
-182362
-93670
0
93670
182362
261426
326961
375963
406917
419467
414923
395575
364870
326685
285530
245626
210929
184444
168386
163621
169915
185686
208410
234629
260576
282249
296096
299052
289130
265360
228024
178599
120027
56191
-8516
-69358
-121591
-160842
-183817
-188184
-172911
-138200
-85879
-18895
58902
143017
228350
309853
383247
444959
492587
524782
541773
544789
536310
519394
498121
476463
458394
447035
444981
453432
472587
501108
536894
576589
616509
652308
680083
696000
697228
681638
648984
600020
536973
462932
382249
299659
220180
148557
89313
46058
20992
15005
27802
57788
101871
156085
216157
277607
335988
387323
428755
458387
475429
480191
474713
461832
445082
428144
415032
409152
413297
429039
457161
496928
546561
602867
662192
719959
771648
812536
839128
848390
838840
809849
762611
699198
623186
538672
450861
364834
285432
216674
161940
123323
101556
95994
104952
125667
154395
186919
219153
247286
267947
278673
278548
267837
247821
220795
190114
159627
133304
114901
107869
114756
136854
174120
225400
288179
358885
432971
505738
572155
627777
668505
691556
694992
678626
643272
591567
526875
453598
376268
299741
228314
165893
115258
78141
54892
44555
44965
53134
65428
77875
86607
88368
80695
62005
31925
-8646
-57561
-111776
-167376
-219995
-265067
-298733
-317644
-319522
-303107
-268711
-217827
-153374
-79204
0
79204
153374
217827
268711
303107
319522
317644
298733
265067
219995
167376
111776
57561
8646
-31925
-62005
-80695
-88368
-86607
-77875
-65428
-53134
-44965
-44555
-54892
-78141
-115258
-165893
-228314
-299741
-376268
-453598
-526875
-591567
-643272
-678626
-694992
-691556
-668505
-627777
-572155
-505738
-432971
-358885
-288179
-225400
-174120
-136854
-114756
-107869
-114901
-133304
-159627
-190114
-220795
-247821
-267837
-278548
-278673
-267947
-247286
-219153
-186919
-154395
-125667
-104952
-95994
-101556
-123323
-161940
-216674
-285432
-364834
-450861
-538672
-623186
-699198
-762611
-809849
-838840
-848390
-839128
-812536
-771648
-719959
-662192
-602867
-546561
-496928
-457161
-429039
-413297
-409152
-415032
-428144
-445082
-461832
-474713
-480191
-475429
-458387
-428755
-387323
-335988
-277607
-216157
-156085
-101871
-57788
-27802
-15005
-20992
-46058
-89313
-148557
-220180
-299659
-382249
-462932
-536973
-600020
-648984
-681638
-697228
-696000
-680083
-652308
-616509
-576589
-536894
-501108
-472587
-453432
-444981
-447035
-458394
-476463
-498121
-519394
-536310
-544789
-541773
-524782
-492587
-444959
-383247
-309853
-228350
-143017
-58902
18895
85879
138200
172911
188184
183817
160842
121591
69358
8516
-56191
-120027
-178599
-228024
-265360
-289130
-299052
-296096
-282249
-260576
-234629
-208410
-185686
-169915
-163621
-168386
-184444
-210929
-245626
-285530
-326685
-364870
-395575
-414923
-419467
-406917
-375963
-326961
-261426
-182362
-93670
0
93670
182362
261426
326961
375963
406917
419467
414923
395575
364870
326685
285530
245626
210929
184444
168386
163621
169915
185686
208410
234629
260576
282249
296096
299052
289130
265360
228024
178599
120027
56191
-8516
-69358
-121591
-160842
-183817
-188184
-172911
-138200
-85879
-18895
58902
143017
228350
309853
383247
444959
492587
524782
541773
544789
536310
519394
498121
476463
458394
447035
444981
453432
472587
501108
536894
576589
616509
652308
680083
696000
697228
681638
648984
600020
536973
462932
382249
299659
220180
148557
89313
46058
20992
15005
27802
57788
101871
156085
216157
277607
335988
387323
428755
458387
475429
480191
474713
461832
445082
428144
415032
409152
413297
429039
457161
496928
546561
602867
662192
719959
771648
812536
839128
848390
838840
809849
762611
699198
623186
538672
450861
364834
285432
216674
161940
123323
101556
95994
104952
125667
154395
186919
219153
247286
267947
278673
278548
267837
247821
220795
190114
159627
133304
114901
107869
114756
136854
174120
225400
288179
358885
432971
505738
572155
627777
668505
691556
694992
678626
643272
591567
526875
453598
376268
299741
228314
165893
115258
78141
54892
44555
44965
53134
65428
77875
86607
88368
80695
62005
31925
-8646
-57561
-111776
-167376
-219995
-265067
-298733
-317644
-319522
-303107
-268711
-217827
-153374
-79204
0
79204
153374
217827
268711
303107
319522
317644
298733
265067
219995
167376
111776
57561
8646
-31925
-62005
-80695
-88368
-86607
-77875
-65428
-53134
-44965
-44555
-54892
-78141
-115258
-165893
-228314
-299741
-376268
-453598
-526875
-591567
-643272
-678626
-694992
-691556
-668505
-627777
-572155
-505738
-432971
-358885
-288179
-225400
-174120
-136854
-114756
-107869
-114901
-133304
-159627
-190114
-220795
-247821
-267837
-278548
-278673
-267947
-247286
-219153
-186919
-154395
-125667
-104952
-95994
-101556
-123323
-161940
-216674
-285432
-364834
-450861
-538672
-623186
-699198
-762611
-809849
-838840
-848390
-839128
-812536
-771648
-719959
-662192
-602867
-546561
-496928
-457161
-429039
-413297
-409152
-415032
-428144
-445082
-461832
-474713
-480191
-475429
-458387
-428755
-387323
-335988
-277607
-216157
-156085
-101871
-57788
-27802
-15005
-20992
-46058
-89313
-148557
-220180
-299659
-382249
-462932
-536973
-600020
-648984
-681638
-697228
-696000
-680083
-652308
-616509
-576589
-536894
-501108
-472587
-453432
-444981
-447035
-458394
-476463
-498121
-519394
-536310
-544789
-541773
-524782
-492587
-444959
-383247
-309853
-228350
-143017
-58902
18895
85879
138200
172911
188184
183817
160842
121591
69358
8516
-56191
-120027
-178599
-228024
-265360
-289130
-299052
-296096
-282249
-260576
-234629
-208410
-185686
-169915
-163621
-168386
-184444
-210929
-245626
-285530
-326685
-364870
-395575
-414923
-419467
-406917
-375963
-326961
-261426
-182362
-93670
0
93670
182362
261426
326961
375963
406917
419467
414923
395575
364870
326685
285530
245626
210929
184444
168386
163621
169915
185686
208410
234629
260576
282249
296096
299052
289130
265360
228024
178599
120027
56191
-8516
-69358
-121591
-160842
-183817
-188184
-172911
-138200
-85879
-18895
58902
143017
228350
309853
383247
444959
492587
524782
541773
544789
536310
519394
498121
476463
458394
447035
444981
453432
472587
501108
536894
576589
616509
652308
680083
696000
697228
681638
648984
600020
536973
462932
382249
299659
220180
148557
89313
46058
20992
15005
27802
57788
101871
156085
216157
277607
335988
387323
428755
458387
475429
480191
474713
461832
445082
428144
415032
409152
413297
429039
457161
496928
546561
602867
662192
719959
771648
812536
839128
848390
838840
809849
762611
699198
623186
538672
450861
364834
285432
216674
161940
123323
101556
95994
104952
125667
154395
186919
219153
247286
267947
278673
278548
267837
247821
220795
190114
159627
133304
114901
107869
114756
136854
174120
225400
288179
358885
432971
505738
572155
627777
668505
691556
694992
678626
643272
591567
526875
453598
376268
299741
228314
165893
115258
78141
54892
44555
44965
53134
65428
77875
86607
88368
80695
62005
31925
-8646
-57561
-111776
-167376
-219995
-265067
-298733
-317644
-319522
-303107
-268711
-217827
-153374
-79204
0
79204
153374
217827
268711
303107
319522
317644
298733
265067
219995
167376
111776
57561
8646
-31925
-62005
-80695
-88368
-86607
-77875
-65428
-53134
-44965
-44555
-54892
-78141
-115258
-165893
-228314
-299741
-376268
-453598
-526875
-591567
-643272
-678626
-694992
-691556
-668505
-627777
-572155
-505738
-432971
-358885
-288179
-225400
-174120
-136854
-114756
-107869
-114901
-133304
-159627
-190114
-220795
-247821
-267837
-278548
-278673
-267947
-247286
-219153
-186919
-154395
-125667
-104952
-95994
-101556
-123323
-161940
-216674
-285432
-364834
-450861
-538672
-623186
-699198
-762611
-809849
-838840
-848390
-839128
-812536
-771648
-719959
-662192
-602867
-546561
-496928
-457161
-429039
-413297
-409152
-415032
-428144
-445082
-461832
-474713
-480191
-475429
-458387
-428755
-387323
-335988
-277607
-216157
-156085
-101871
-57788
-27802
-15005
-20992
-46058
-89313
-148557
-220180
-299659
-382249
-462932
-536973
-600020
-648984
-681638
-697228
-696000
-680083
-652308
-616509
-576589
-536894
-501108
-472587
-453432
-444981
-447035
-458394
-476463
-498121
-519394
-536310
-544789
-541773
-524782
-492587
-444959
-383247
-309853
-228350
-143017
-58902
18895
85879
138200
172911
188184
183817
160842
121591
69358
8516
-56191
-120027
-178599
-228024
-265360
-289130
-299052
-296096
-282249
-260576
-234629
-208410
-185686
-169915
-163621
-168386
-184444
-210929
-245626
-285530
-326685
-364870
-395575
-414923
-419467
-406917
-375963
-326961
-261426
-182362
-93670
0
93670
182362
261426
326961
375963
406917
419467
414923
395575
364870
326685
285530
245626
210929
184444
168386
163621
169915
185686
208410
234629
260576
282249
296096
299052
289130
265360
228024
178599
120027
56191
-8516
-69358
-121591
-160842
-183817
-188184
-172911
-138200
-85879
-18895
58902
143017
228350
309853
383247
444959
492587
524782
541773
544789
536310
519394
498121
476463
458394
447035
444981
453432
472587
501108
536894
576589
616509
652308
680083
696000
697228
681638
648984
600020
536973
462932
382249
299659
220180
148557
89313
46058
20992
15005
27802
57788
101871
156085
216157
277607
335988
387323
428755
458387
475429
480191
474713
461832
445082
428144
415032
409152
413297
429039
457161
496928
546561
602867
662192
719959
771648
812536
839128
848390
838840
809849
762611
699198
623186
538672
450861
364834
285432
216674
161940
123323
101556
95994
104952
125667
154395
186919
219153
247286
267947
278673
278548
267837
247821
220795
190114
159627
133304
114901
107869
114756
136854
174120
225400
288179
358885
432971
505738
572155
627777
668505
691556
694992
678626
643272
591567
526875
453598
376268
299741
228314
165893
115258
78141
54892
44555
44965
53134
65428
77875
86607
88368
80695
62005
31925
-8646
-57561
-111776
-167376
-219995
-265067
-298733
-317644
-319522
-303107
-268711
-217827
-153374
-79204
0
79204
153374
217827
268711
303107
319522
317644
298733
265067
219995
167376
111776
57561
8646
-31925
-62005
-80695
-88368
-86607
-77875
-65428
-53134
-44965
-44555
-54892
-78141
-115258
-165893
-228314
-299741
-376268
-453598
-526875
-591567
-643272
-678626
-694992
-691556
-668505
-627777
-572155
-505738
-432971
-358885
-288179
-225400
-174120
-136854
-114756
-107869
-114901
-133304
-159627
-190114
-220795
-247821
-267837
-278548
-278673
-267947
-247286
-219153
-186919
-154395
-125667
-104952
-95994
-101556
-123323
-161940
-216674
-285432
-364834
-450861
-538672
-623186
-699198
-762611
-809849
-838840
-848390
-839128
-812536
-771648
-719959
-662192
-602867
-546561
-496928
-457161
-429039
-413297
-409152
-415032
-428144
-445082
-461832
-474713
-480191
-475429
-458387
-428755
-387323
-335988
-277607
-216157
-156085
-101871
-57788
-27802
-15005
-20992
-46058
-89313
-148557
-220180
-299659
-382249
-462932
-536973
-600020
-648984
-681638
-697228
-696000
-680083
-652308
-616509
-576589
-536894
-501108
-472587
-453432
-444981
-447035
-458394
-476463
-498121
-519394
-536310
-544789
-541773
-524782
-492587
-444959
-383247
-309853
-228350
-143017
-58902
18895
85879
138200
172911
188184
183817
160842
121591
69358
8516
-56191
-120027
-178599
-228024
-265360
-289130
-299052
-296096
-282249
-260576
-234629
-208410
-185686
-169915
-163621
-168386
-184444
-210929
-245626
-285530
-326685
-364870
-395575
-414923
-419467
-406917
-375963
-326961
-261426
-182362
-93670
0
93670
182362
261426
326961
375963
406917
419467
414923
395575
364870
326685
285530
245626
210929
184444
168386
163621
169915
185686
208410
234629
260576
282249
296096
299052
289130
265360
228024
178599
120027
56191
-8516
-69358
-121591
-160842
-183817
-188184
-172911
-138200
-85879
-18895
58902
143017
228350
309853
383247
444959
492587
524782
541773
544789
536310
519394
498121
476463
458394
447035
444981
453432
472587
501108
536894
576589
616509
652308
680083
696000
697228
681638
648984
600020
536973
462932
382249
299659
220180
148557
89313
46058
20992
15005
27802
57788
101871
156085
216157
277607
335988
387323
428755
458387
475429
480191
474713
461832
445082
428144
415032
409152
413297
429039
457161
496928
546561
602867
662192
719959
771648
812536
839128
848390
838840
809849
762611
699198
623186
538672
450861
364834
285432
216674
161940
123323
101556
95994
104952
125667
154395
186919
219153
247286
267947
278673
278548
267837
247821
220795
190114
159627
133304
114901
107869
114756
136854
174120
225400
288179
358885
432971
505738
572155
627777
668505
691556
694992
678626
643272
591567
526875
453598
376268
299741
228314
165893
115258
78141
54892
44555
44965
53134
65428
77875
86607
88368
80695
62005
31925
-8646
-57561
-111776
-167376
-219995
-265067
-298733
-317644
-319522
-303107
-268711
-217827
-153374
-79204
0
79204
153374
217827
268711
303107
319522
317644
298733
265067
219995
167376
111776
57561
8646
-31925
-62005
-80695
-88368
-86607
-77875
-65428
-53134
-44965
-44555
-54892
-78141
-115258
-165893
-228314
-299741
-376268
-453598
-526875
-591567
-643272
-678626
-694992
-691556
-668505
-627777
-572155
-505738
-432971
-358885
-288179
-225400
-174120
-136854
-114756
-107869
-114901
-133304
-159627
-190114
-220795
-247821
-267837
-278548
-278673
-267947
-247286
-219153
-186919
-154395
-125667
-104952
-95994
-101556
-123323
-161940
-216674
-285432
-364834
-450861
-538672
-623186
-699198
-762611
-809849
-838840
-848390
-839128
-812536
-771648
-719959
-662192
-602867
-546561
-496928
-457161
-429039
-413297
-409152
-415032
-428144
-445082
-461832
-474713
-480191
-475429
-458387
-428755
-387323
-335988
-277607
-216157
-156085
-101871
-57788
-27802
-15005
-20992
-46058
-89313
-148557
-220180
-299659
-382249
-462932
-536973
-600020
-648984
-681638
-697228
-696000
-680083
-652308
-616509
-576589
-536894
-501108
-472587
-453432
-444981
-447035
-458394
-476463
-498121
-519394
-536310
-544789
-541773
-524782
-492587
-444959
-383247
-309853
-228350
-143017
-58902
18895
85879
138200
172911
188184
183817
160842
121591
69358
8516
-56191
-120027
-178599
-228024
-265360
-289130
-299052
-296096
-282249
-260576
-234629
-208410
-185686
-169915
-163621
-168386
-184444
-210929
-245626
-285530
-326685
-364870
-395575
-414923
-419467
-406917
-375963
-326961
-261426
-182362
-93670
0
93670
182362
261426
326961
375963
406917
419467
414923
395575
364870
326685
285530
245626
210929
184444
168386
163621
169915
185686
208410
234629
260576
282249
296096
299052
289130
265360
228024
178599
120027
56191
-8516
-69358
-121591
-160842
-183817
-188184
-172911
-138200
-85879
-18895
58902
143017
228350
309853
383247
444959
492587
524782
541773
544789
536310
519394
498121
476463
458394
447035
444981
453432
472587
501108
536894
576589
616509
652308
680083
696000
697228
681638
648984
600020
536973
462932
382249
299659
220180
148557
89313
46058
20992
15005
27802
57788
101871
156085
216157
277607
335988
387323
428755
458387
475429
480191
474713
461832
445082
428144
415032
409152
413297
429039
457161
496928
546561
602867
662192
719959
771648
812536
839128
848390
838840
809849
762611
699198
623186
538672
450861
364834
285432
216674
161940
123323
101556
95994
104952
125667
154395
186919
219153
247286
267947
278673
278548
267837
247821
220795
190114
159627
133304
114901
107869
114756
136854
174120
225400
288179
358885
432971
505738
572155
627777
668505
691556
694992
678626
643272
591567
526875
453598
376268
299741
228314
165893
115258
78141
54892
44555
44965
53134
65428
77875
86607
88368
80695
62005
31925
-8646
-57561
-111776
-167376
-219995
-265067
-298733
-317644
-319522
-303107
-268711
-217827
-153374
-79204
0
79204
153374
217827
268711
303107
319522
317644
298733
265067
219995
167376
111776
57561
8646
-31925
-62005
-80695
-88368
-86607
-77875
-65428
-53134
-44965
-44555
-54892
-78141
-115258
-165893
-228314
-299741
-376268
-453598
-526875
-591567
-643272
-678626
-694992
-691556
-668505
-627777
-572155
-505738
-432971
-358885
-288179
-225400
-174120
-136854
-114756
-107869
-114901
-133304
-159627
-190114
-220795
-247821
-267837
-278548
-278673
-267947
-247286
-219153
-186919
-154395
-125667
-104952
-95994
-101556
-123323
-161940
-216674
-285432
-364834
-450861
-538672
-623186
-699198
-762611
-809849
-838840
-848390
-839128
-812536
-771648
-719959
-662192
-602867
-546561
-496928
-457161
-429039
-413297
-409152
-415032
-428144
-445082
-461832
-474713
-480191
-475429
-458387
-428755
-387323
-335988
-277607
-216157
-156085
-101871
-57788
-27802
-15005
-20992
-46058
-89313
-148557
-220180
-299659
-382249
-462932
-536973
-600020
-648984
-681638
-697228
-696000
-680083
-652308
-616509
-576589
-536894
-501108
-472587
-453432
-444981
-447035
-458394
-476463
-498121
-519394
-536310
-544789
-541773
-524782
-492587
-444959
-383247
-309853
-228350
-143017
-58902
18895
85879
138200
172911
188184
183817
160842
121591
69358
8516
-56191
-120027
-178599
-228024
-265360
-289130
-299052
-296096
-282249
-260576
-234629
-208410
-185686
-169915
-163621
-168386
-184444
-210929
-245626
-285530
-326685
-364870
-395575
-414923
-419467
-406917
-375963
-326961
-261426
-182362
-93670
0
93670
182362
261426
326961
375963
406917
419467
414923
395575
364870
326685
285530
245626
210929
184444
168386
163621
169915
185686
208410
234629
260576
282249
296096
299052
289130
265360
228024
178599
120027
56191
-8516
-69358
-121591
-160842
-183817
-188184
-172911
-138200
-85879
-18895
58902
143017
228350
309853
383247
444959
492587
524782
541773
544789
536310
519394
498121
476463
458394
447035
444981
453432
472587
501108
536894
576589
616509
652308
680083
696000
697228
681638
648984
600020
536973
462932
382249
299659
220180
148557
89313
46058
20992
15005
27802
57788
101871
156085
216157
277607
335988
387323
428755
458387
475429
480191
474713
461832
445082
428144
415032
409152
413297
429039
457161
496928
546561
602867
662192
719959
771648
812536
839128
848390
838840
809849
762611
699198
623186
538672
450861
364834
285432
216674
161940
123323
101556
95994
104952
125667
154395
186919
219153
247286
267947
278673
278548
267837
247821
220795
190114
159627
133304
114901
107869
114756
136854
174120
225400
288179
358885
432971
505738
572155
627777
668505
691556
694992
678626
643272
591567
526875
453598
376268
299741
228314
165893
115258
78141
54892
44555
44965
53134
65428
77875
86607
88368
80695
62005
31925
-8646
-57561
-111776
-167376
-219995
-265067
-298733
-317644
-319522
-303107
-268711
-217827
-153374
-79204
0
79204
153374
217827
268711
303107
319522
317644
298733
265067
219995
167376
111776
57561
8646
-31925
-62005
-80695
-88368
-86607
-77875
-65428
-53134
-44965
-44555
-54892
-78141
-115258
-165893
-228314
-299741
-376268
-453598
-526875
-591567
-643272
-678626
-694992
-691556
-668505
-627777
-572155
-505738
-432971
-358885
-288179
-225400
-174120
-136854
-114756
-107869
-114901
-133304
-159627
-190114
-220795
-247821
-267837
-278548
-278673
-267947
-247286
-219153
-186919
-154395
-125667
-104952
-95994
-101556
-123323
-161940
-216674
-285432
-364834
-450861
-538672
-623186
-699198
-762611
-809849
-838840
-848390
-839128
-812536
-771648
-719959
-662192
-602867
-546561
-496928
-457161
-429039
-413297
-409152
-415032
-428144
-445082
-461832
-474713
-480191
-475429
-458387
-428755
-387323
-335988
-277607
-216157
-156085
-101871
-57788
-27802
-15005
-20992
-46058
-89313
-148557
-220180
-299659
-382249
-462932
-536973
-600020
-648984
-681638
-697228
-696000
-680083
-652308
-616509
-576589
-536894
-501108
-472587
-453432
-444981
-447035
-458394
-476463
-498121
-519394
-536310
-544789
-541773
-524782
-492587
-444959
-383247
-309853
-228350
-143017
-58902
18895
85879
138200
172911
188184
183817
160842
121591
69358
8516
-56191
-120027
-178599
-228024
-265360
-289130
-299052
-296096
-282249
-260576
-234629
-208410
-185686
-169915
-163621
-168386
-184444
-210929
-245626
-285530
-326685
-364870
-395575
-414923
-419467
-406917
-375963
-326961
-261426
-182362
-93670
0
93670
182362
261426
326961
375963
406917
419467
414923
395575
364870
326685
285530
245626
210929
184444
168386
163621
169915
185686
208410
234629
260576
282249
296096
299052
289130
265360
228024
178599
120027
56191
-8516
-69358
-121591
-160842
-183817
-188184
-172911
-138200
-85879
-18895
58902
143017
228350
309853
383247
444959
492587
524782
541773
544789
536310
519394
498121
476463
458394
447035
444981
453432
472587
501108
536894
576589
616509
652308
680083
696000
697228
681638
648984
600020
536973
462932
382249
299659
220180
148557
89313
46058
20992
15005
27802
57788
101871
156085
216157
277607
335988
387323
428755
458387
475429
480191
474713
461832
445082
428144
415032
409152
413297
429039
457161
496928
546561
602867
662192
719959
771648
812536
839128
848390
838840
809849
762611
699198
623186
538672
450861
364834
285432
216674
161940
123323
101556
95994
104952
125667
154395
186919
219153
247286
267947
278673
278548
267837
247821
220795
190114
159627
133304
114901
107869
114756
136854
174120
225400
288179
358885
432971
505738
572155
627777
668505
691556
694992
678626
643272
591567
526875
453598
376268
299741
228314
165893
115258
78141
54892
44555
44965
53134
65428
77875
86607
88368
80695
62005
31925
-8646
-57561
-111776
-167376
-219995
-265067
-298733
-317644
-319522
-303107
-268711
-217827
-153374
-79204
0
79204
153374
217827
268711
303107
319522
317644
298733
265067
219995
167376
111776
57561
8646
-31925
-62005
-80695
-88368
-86607
-77875
-65428
-53134
-44965
-44555
-54892
-78141
-115258
-165893
-228314
-299741
-376268
-453598
-526875
-591567
-643272
-678626
-694992
-691556
-668505
-627777
-572155
-505738
-432971
-358885
-288179
-225400
-174120
-136854
-114756
-107869
-114901
-133304
-159627
-190114
-220795
-247821
-267837
-278548
-278673
-267947
-247286
-219153
-186919
-154395
-125667
-104952
-95994
-101556
-123323
-161940
-216674
-285432
-364834
-450861
-538672
-623186
-699198
-762611
-809849
-838840
-848390
-839128
-812536
-771648
-719959
-662192
-602867
-546561
-496928
-457161
-429039
-413297
-409152
-415032
-428144
-445082
-461832
-474713
-480191
-475429
-458387
-428755
-387323
-335988
-277607
-216157
-156085
-101871
-57788
-27802
-15005
-20992
-46058
-89313
-148557
-220180
-299659
-382249
-462932
-536973
-600020
-648984
-681638
-697228
-696000
-680083
-652308
-616509
-576589
-536894
-501108
-472587
-453432
-444981
-447035
-458394
-476463
-498121
-519394
-536310
-544789
-541773
-524782
-492587
-444959
-383247
-309853
-228350
-143017
-58902
18895
85879
138200
172911
188184
183817
160842
121591
69358
8516
-56191
-120027
-178599
-228024
-265360
-289130
-299052
-296096
-282249
-260576
-234629
-208410
-185686
-169915
-163621
-168386
-184444
-210929
-245626
-285530
-326685
-364870
-395575
-414923
-419467
-406917
-375963
-326961
-261426
-182362
-93670
0
93670
182362
261426
326961
375963
406917
419467
414923
395575
364870
326685
285530
245626
210929
184444
168386
163621
169915
185686
208410
234629
260576
282249
296096
299052
289130
265360
228024
178599
120027
56191
-8516
-69358
-121591
-160842
-183817
-188184
-172911
-138200
-85879
-18895
58902
143017
228350
309853
383247
444959
492587
524782
541773
544789
536310
519394
498121
476463
458394
447035
444981
453432
472587
501108
536894
576589
616509
652308
680083
696000
697228
681638
648984
600020
536973
462932
382249
299659
220180
148557
89313
46058
20992
15005
27802
57788
101871
156085
216157
277607
335988
387323
428755
458387
475429
480191
474713
461832
445082
428144
415032
409152
413297
429039
457161
496928
546561
602867
662192
719959
771648
812536
839128
848390
838840
809849
762611
699198
623186
538672
450861
364834
285432
216674
161940
123323
101556
95994
104952
125667
154395
186919
219153
247286
267947
278673
278548
267837
247821
220795
190114
159627
133304
114901
107869
114756
136854
174120
225400
288179
358885
432971
505738
572155
627777
668505
691556
694992
678626
643272
591567
526875
453598
376268
299741
228314
165893
115258
78141
54892
44555
44965
53134
65428
77875
86607
88368
80695
62005
31925
-8646
-57561
-111776
-167376
-219995
-265067
-298733
-317644
-319522
-303107
-268711
-217827
-153374
-79204
0
79204
153374
217827
268711
303107
319522
317644
298733
265067
219995
167376
111776
57561
8646
-31925
-62005
-80695
-88368
-86607
-77875
-65428
-53134
-44965
-44555
-54892
-78141
-115258
-165893
-228314
-299741
-376268
-453598
-526875
-591567
-643272
-678626
-694992
-691556
-668505
-627777
-572155
-505738
-432971
-358885
-288179
-225400
-174120
-136854
-114756
-107869
-114901
-133304
-159627
-190114
-220795
-247821
-267837
-278548
-278673
-267947
-247286
-219153
-186919
-154395
-125667
-104952
-95994
-101556
-123323
-161940
-216674
-285432
-364834
-450861
-538672
-623186
-699198
-762611
-809849
-838840
-848390
-839128
-812536
-771648
-719959
-662192
-602867
-546561
-496928
-457161
-429039
-413297
-409152
-415032
-428144
-445082
-461832
-474713
-480191
-475429
-458387
-428755
-387323
-335988
-277607
-216157
-156085
-101871
-57788
-27802
-15005
-20992
-46058
-89313
-148557
-220180
-299659
-382249
-462932
-536973
-600020
-648984
-681638
-697228
-696000
-680083
-652308
-616509
-576589
-536894
-501108
-472587
-453432
-444981
-447035
-458394
-476463
-498121
-519394
-536310
-544789
-541773
-524782
-492587
-444959
-383247
-309853
-228350
-143017
-58902
18895
85879
138200
172911
188184
183817
160842
121591
69358
8516
-56191
-120027
-178599
-228024
-265360
-289130
-299052
-296096
-282249
-260576
-234629
-208410
-185686
-169915
-163621
-168386
-184444
-210929
-245626
-285530
-326685
-364870
-395575
-414923
-419467
-406917
-375963
-326961
-261426
-182362
-93670
0
93670
182362
261426
326961
375963
406917
419467
414923
395575
364870
326685
285530
245626
210929
184444
168386
163621
169915
185686
208410
234629
260576
282249
296096
299052
289130
265360
228024
178599
120027
56191
-8516
-69358
-121591
-160842
-183817
-188184
-172911
-138200
-85879
-18895
58902
143017
228350
309853
383247
444959
492587
524782
541773
544789
536310
519394
498121
476463
458394
447035
444981
453432
472587
501108
536894
576589
616509
652308
680083
696000
697228
681638
648984
600020
536973
462932
382249
299659
220180
148557
89313
46058
20992
15005
27802
57788
101871
156085
216157
277607
335988
387323
428755
458387
475429
480191
474713
461832
445082
428144
415032
409152
413297
429039
457161
496928
546561
602867
662192
719959
771648
812536
839128
848390
838840
809849
762611
699198
623186
538672
450861
364834
285432
216674
161940
123323
101556
95994
104952
125667
154395
186919
219153
247286
267947
278673
278548
267837
247821
220795
190114
159627
133304
114901
107869
114756
136854
174120
225400
288179
358885
432971
505738
572155
627777
668505
691556
694992
678626
643272
591567
526875
453598
376268
299741
228314
165893
115258
78141
54892
44555
44965
53134
65428
77875
86607
88368
80695
62005
31925
-8646
-57561
-111776
-167376
-219995
-265067
-298733
-317644
-319522
-303107
-268711
-217827
-153374
-79204
0
79204
153374
217827
268711
303107
319522
317644
298733
265067
219995
167376
111776
57561
8646
-31925
-62005
-80695
-88368
-86607
-77875
-65428
-53134
-44965
-44555
-54892
-78141
-115258
-165893
-228314
-299741
-376268
-453598
-526875
-591567
-643272
-678626
-694992
-691556
-668505
-627777
-572155
-505738
-432971
-358885
-288179
-225400
-174120
-136854
-114756
-107869
-114901
-133304
-159627
-190114
-220795
-247821
-267837
-278548
-278673
-267947
-247286
-219153
-186919
-154395
-125667
-104952
-95994
-101556
-123323
-161940
-216674
-285432
-364834
-450861
-538672
-623186
-699198
-762611
-809849
-838840
-848390
-839128
-812536
-771648
-719959
-662192
-602867
-546561
-496928
-457161
-429039
-413297
-409152
-415032
-428144
-445082
-461832
-474713
-480191
-475429
-458387
-428755
-387323
-335988
-277607
-216157
-156085
-101871
-57788
-27802
-15005
-20992
-46058
-89313
-148557
-220180
-299659
-382249
-462932
-536973
-600020
-648984
-681638
-697228
-696000
-680083
-652308
-616509
-576589
-536894
-501108
-472587
-453432
-444981
-447035
-458394
-476463
-498121
-519394
-536310
-544789
-541773
-524782
-492587
-444959
-383247
-309853
-228350
-143017
-58902
18895
85879
138200
172911
188184
183817
160842
121591
69358
8516
-56191
-120027
-178599
-228024
-265360
-289130
-299052
-296096
-282249
-260576
-234629
-208410
-185686
-169915
-163621
-168386
-184444
-210929
-245626
-285530
-326685
-364870
-395575
-414923
-419467
-406917
-375963
-326961
-261426
-182362
-93670
0
93670
182362
261426
326961
375963
406917
419467
414923
395575
364870
326685
285530
245626
210929
184444
168386
163621
169915
185686
208410
234629
260576
282249
296096
299052
289130
265360
228024
178599
120027
56191
-8516
-69358
-121591
-160842
-183817
-188184
-172911
-138200
-85879
-18895
58902
143017
228350
309853
383247
444959
492587
524782
541773
544789
536310
519394
498121
476463
458394
447035
444981
453432
472587
501108
536894
576589
616509
652308
680083
696000
697228
681638
648984
600020
536973
462932
382249
299659
220180
148557
89313
46058
20992
15005
27802
57788
101871
156085
216157
277607
335988
387323
428755
458387
475429
480191
474713
461832
445082
428144
415032
409152
413297
429039
457161
496928
546561
602867
662192
719959
771648
812536
839128
848390
838840
809849
762611
699198
623186
538672
450861
364834
285432
216674
161940
123323
101556
95994
104952
125667
154395
186919
219153
247286
267947
278673
278548
267837
247821
220795
190114
159627
133304
114901
107869
114756
136854
174120
225400
288179
358885
432971
505738
572155
627777
668505
691556
694992
678626
643272
591567
526875
453598
376268
299741
228314
165893
115258
78141
54892
44555
44965
53134
65428
77875
86607
88368
80695
62005
31925
-8646
-57561
-111776
-167376
-219995
-265067
-298733
-317644
-319522
-303107
-268711
-217827
-153374
-79204
0
79204
153374
217827
268711
303107
319522
317644
298733
265067
219995
167376
111776
57561
8646
-31925
-62005
-80695
-88368
-86607
-77875
-65428
-53134
-44965
-44555
-54892
-78141
-115258
-165893
-228314
-299741
-376268
-453598
-526875
-591567
-643272
-678626
-694992
-691556
-668505
-627777
-572155
-505738
-432971
-358885
-288179
-225400
-174120
-136854
-114756
-107869
-114901
-133304
-159627
-190114
-220795
-247821
-267837
-278548
-278673
-267947
-247286
-219153
-186919
-154395
-125667
-104952
-95994
-101556
-123323
-161940
-216674
-285432
-364834
-450861
-538672
-623186
-699198
-762611
-809849
-838840
-848390
-839128
-812536
-771648
-719959
-662192
-602867
-546561
-496928
-457161
-429039
-413297
-409152
-415032
-428144
-445082
-461832
-474713
-480191
-475429
-458387
-428755
-387323
-335988
-277607
-216157
-156085
-101871
-57788
-27802
-15005
-20992
-46058
-89313
-148557
-220180
-299659
-382249
-462932
-536973
-600020
-648984
-681638
-697228
-696000
-680083
-652308
-616509
-576589
-536894
-501108
-472587
-453432
-444981
-447035
-458394
-476463
-498121
-519394
-536310
-544789
-541773
-524782
-492587
-444959
-383247
-309853
-228350
-143017
-58902
18895
85879
138200
172911
188184
183817
160842
121591
69358
8516
-56191
-120027
-178599
-228024
-265360
-289130
-299052
-296096
-282249
-260576
-234629
-208410
-185686
-169915
-163621
-168386
-184444
-210929
-245626
-285530
-326685
-364870
-395575
-414923
-419467
-406917
-375963
-326961
-261426
-182362
-93670
0
93670
182362
261426
326961
375963
406917
419467
414923
395575
364870
326685
285530
245626
210929
184444
168386
163621
169915
185686
208410
234629
260576
282249
296096
299052
289130
265360
228024
178599
120027
56191
-8516
-69358
-121591
-160842
-183817
-188184
-172911
-138200
-85879
-18895
58902
143017
228350
309853
383247
444959
492587
524782
541773
544789
536310
519394
498121
476463
458394
447035
444981
453432
472587
501108
536894
576589
616509
652308
680083
696000
697228
681638
648984
600020
536973
462932
382249
299659
220180
148557
89313
46058
20992
15005
27802
57788
101871
156085
216157
277607
335988
387323
428755
458387
475429
480191
474713
461832
445082
428144
415032
409152
413297
429039
457161
496928
546561
602867
662192
719959
771648
812536
839128
848390
838840
809849
762611
699198
623186
538672
450861
364834
285432
216674
161940
123323
101556
95994
104952
125667
154395
186919
219153
247286
267947
278673
278548
267837
247821
220795
190114
159627
133304
114901
107869
114756
136854
174120
225400
288179
358885
432971
505738
572155
627777
668505
691556
694992
678626
643272
591567
526875
453598
376268
299741
228314
165893
115258
78141
54892
44555
44965
53134
65428
77875
86607
88368
80695
62005
31925
-8646
-57561
-111776
-167376
-219995
-265067
-298733
-317644
-319522
-303107
-268711
-217827
-153374
-79204
0
79204
153374
217827
268711
303107
319522
317644
298733
265067
219995
167376
111776
57561
8646
-31925
-62005
-80695
-88368
-86607
-77875
-65428
-53134
-44965
-44555
-54892
-78141
-115258
-165893
-228314
-299741
-376268
-453598
-526875
-591567
-643272
-678626
-694992
-691556
-668505
-627777
-572159
-505738
-432943
-358886
-288336
-225727
-174513
-137260
-115178
-108274
-115223
-133506
-159707
-190044
-220536
-247377
-267263
-277901
-278006
-267372
-246954
-219128
-187162
-154869
-126335
-105723
-96735
-102117
-123555
-161741
-216010
-284327
-363380
-449210
-537028
-621748
-698133
-762077
-809969
-839624
-849731
-840821
-814299
-773253
-721266
-662983
-602874
-545707
-495343
-455050
-426658
-411037
-407478
-414246
-428340
-446270
-463934
-477450
-483117
-478147
-460603
-430086
-387357
-334585
-274933
-212520
-151900
-97753
-54461
-25790
-14554
-22196
-48835
-93293
-153123
-224583
-303115
-384091
-462713
-534524
-595493
-642856
-674661
-690373
-690330
-676476
-651324
-618391
-581209
-543662
-509032
-480502
-460153
-449363
-448144
-455813
-470379
-489220
-508785
-525524
-535570
-535599
-522648
-494999
-451841
-393760
-322480
-241311
-154499
-67014
15846
88760
146887
186466
204936
201441
176667
133133
74678
6477
-65718
-135993
-198868
-249672
-285048
-303550
-305407
-292677
-268745
-238194
-206017
-177434
-156948
-148030
-152552
-170839
-201371
-241101
-285627
-330051
-369117
-398115
-413041
-411571
-392757
-357473
-307971
-248241
-183003
-117279
-55849
-3057
37822
65083
78423
78720
67991
49444
26710
3352
-17466
-33245
-42431
-44521
-40001
-30172
-16926
-2452
11070
21885
28738
30976
28611
22382
13504
3420
-6355
-14419
-19688
-21648
-20269
-15965
-9527
-2040
5319
11541
15825
17624
16752
13555
8688
2880
-3049
-8113
-11483
-12961
-12627
-10512
-6881
-2412
2134
6173
9219
10785
10609
8901
6084
2582
-1108
-4382
-6721
-7915
-7924
-6767
-4620
-1882
984
3607
5670
6855
6978
6128
4528
2449
219
-1842
-3456
-4403
-4566
-3980
-2777
-1204
451
2012
3327
4119
4185
3637
2673
1402
-34
-1331
-2216
-2719
-2926
-2737
-2101
-1188
-196
786
1674
2260
2380
2111
1585
854
-7
-790
-1307
-1604
-1762
-1693
-1341
-783
-120
534
1065
1438
1644
1651
1455
1104
664
198
-232
-561
-741
-771
-668
-473
-243
25
332
576
667
647
574
443
259
69
-79
-203
-322
-405
-422
-406
-394
-328
-158
-1
28
1
-4
0
0
0
0
0
0
0
0
0
0
0
0
0
0
0
0
0
0
0
0
0
0
0
0
0
0
0
0
0
0
0
0
0
0
0
0
0
0
0
0
0
0
0
0
0
0
0
0
0
0
0
0
0
0
0
0
0
0
0
0
0
0
0
0
0
0
0
0
0
0
0
0
0
0
0
0
0
0
0
0
0
0
0
0
0
0
0
0
0
0
0
0
0
0
0
0
0
0
0
0
0
0
0
0
0
0
0
0
0
0
0
0
0
0
0
0
0
0
0
0
0
0
0
0
0
0
0
0
0
0
0
0
0
0
0
0
0
0
0
0
0
0
0
0
0
0
0
0
0
0
0
0
0
0
0
0
0
0
0
0
0
0
0
0
0
0
0
0
0
0
0
0
0
0
0
0
0
0
0
0
0
0
0
0
0
0
0
0
0
0
0
0
0
0
0
0
0
0
0
0
0
0
0
0
0
0
0
0
0
0
0
0
0
0
0
0
0
0
0
0
0
0
0
0
0
0
0
0
0
0
0
0
0
0
0
0
0
0
0
0
0
0
0
0
0
0
0
0
0
0
0
0
0
0
0
0
0
0
0
0
0
0
0
0
0
0
0
0
0
0
0
0
0
0
0
0
0
0
0
0
0
0
0
0
0
0
0
0
0
0
0
0
0
0
0
0
0
0
0
0
0
0
0
0
0
0
0
0
0
0
0
0
0
0
0
0
0
0
0
0
0
0
0
0
0
0
0
0
0
0
0
0
0
0
0
0
0
0
0
0
0
0
0
0
0
0
0
0
0
0
0
0
0
0
0
0
0
0
0
0
0
0
0
0
0
0
0
0
0
0
0
0
0
0
0
0
0
0
0
0
0
0
0
