0
0
0
0
659
811
811
405
-138
-887
-1293
-1153
-49
946
1542
1123
-396
-2207
-3303
-2876
-1070
1567
3388
3206
1584
-1709
-4220
-4523
-1570
2374
5476
5434
2666
-2806
-7272
-8241
-4022
2405
7960
8808
3685
-4897
-12256
-13714
-7214
3761
13536
15830
8769
-5163
-17801
-21576
-12347
4820
21027
25919
16234
-5761
-27109
-35253
-23086
4075
31931
43299
28846
-6834
-44761
-61956
-43778
4893
60338
89044
66503
-6682
-98860
-157419
-130145
6117
234554
496463
714927
823118
796211
660088
482195
341673
296057
354862
476378
585337
607083
499335
271985
-12934
-266229
-402831
-372878
-177474
134057
482624
787504
989964
1071164
1051020
978427
911623
898732
961005
1087315
1236756
1352913
1380705
1285673
1069027
768181
449196
186626
44444
51628
195544
425058
669172
860162
956281
954889
892538
828501
822087
910110
1091410
1325946
1546467
1681591
1679193
1524108
1243475
898415
568677
323517
204278
211478
309761
438262
534745
555795
494756
380100
267039
216578
274549
451473
717769
1011451
1255508
1383056
1357200
1183090
907173
599481
331800
156303
89131
106279
155753
176728
124003
-17291
-223534
-439961
-597420
-638996
-537382
-306725
0
306725
537382
638996
597420
439961
223534
17291
-124003
-176728
-155753
-106279
-89131
-156303
-331800
-599481
-907173
-1183090
-1357200
-1383056
-1255508
-1011451
-717769
-450815
-273739
-215767
-266634
-380238
-495644
-557088
-535898
-438312
-308814
-209936
-203155
-323913
-570885
-901717
-1246351
-1525178
-1677626
-1678203
-1543261
-1324361
-1093119
-914330
-826610
-830071
-890164
-949412
-950848
-857496
-671978
-432331
-203784
-55650
-42039
-178666
-440388
-764496
-1073924
-1297929
-1394419
-1360128
-1232995
-1073779
-945175
-889963
-916786
-996228
-1072597
-1083511
-985144
-766476
-456705
-117823
171713
345769
367578
243142
17008
-240054
-456037
-578236
-592171
-521139
-416818
-339834
-336779
-421857
-571043
-729708
-829800
-813788
-653882
-364698
0
364698
653882
813788
829800
729708
571043
421857
336779
339834
416818
521139
592171
578236
456037
240054
-17008
-243142
-367578
-345769
-171713
117823
456705
766476
985144
1083511
1072597
996228
916786
889963
945175
1073779
1232995
1360128
1394419
1297929
1073924
764496
440388
178666
42039
55650
203784
432331
671978
857496
950848
949412
890164
830071
826610
914330
1093119
1324361
1543261
1678203
1677626
1525178
1246351
901717
570885
323913
203155
209936
308814
438312
535898
557088
495644
380238
266634
215767
273739
450815
717769
1011451
1255508
1383056
1357200
1183090
907173
599481
331800
156303
89131
106279
155753
176728
124003
-17291
-223534
-439961
-597420
-638996
-537382
-306725
0
306725
537382
638996
597420
439961
223534
17291
-124003
-176728
-155753
-106279
-89131
-156303
-331800
-599481
-907173
-1183090
-1357200
-1383056
-1255508
-1011451
-717769
-450815
-273739
-215767
-266634
-380238
-495644
-557088
-535898
-438312
-308814
-209936
-203155
-323913
-570885
-901717
-1246351
-1525178
-1677626
-1678203
-1543261
-1324361
-1093119
-914330
-826610
-830071
-890164
-949412
-950848
-857496
-671978
-432331
-203784
-55650
-42039
-178666
-440388
-764496
-1073924
-1297929
-1394419
-1360128
-1232995
-1073779
-945175
-889963
-916786
-996228
-1072597
-1083511
-985144
-766476
-456705
-117823
171713
345769
367578
243142
17008
-240054
-456037
-578236
-592171
-521139
-416818
-339834
-336779
-421857
-571043
-729708
-829800
-813788
-653882
-364698
0
364698
653882
813788
829800
729708
571043
421857
336779
339834
416818
521139
592171
578236
456037
240054
-17008
-243142
-367578
-345769
-171713
117823
456705
766476
985144
1083511
1072597
996228
916786
889963
945175
1073779
1232995
1360128
1394419
1297929
1073924
764496
440388
178666
42039
55650
203784
432331
671978
857496
950848
949412
890164
830071
826610
914330
1093119
1324361
1543261
1678203
1677626
1525178
1246351
901717
570885
323913
203155
209936
308814
438312
535898
557088
495644
380238
266634
215767
273739
450815
717769
1011451
1255508
1383056
1357200
1183090
907173
599481
331800
156303
89131
106279
155753
176728
124003
-17291
-223534
-439961
-597420
-638996
-537382
-306725
0
306725
537382
638996
597420
439961
223534
17291
-124003
-176728
-155753
-106279
-89131
-156303
-331800
-599481
-907173
-1183090
-1357200
-1383056
-1255508
-1011451
-717769
-450815
-273739
-215767
-266634
-380238
-495644
-557088
-535898
-438312
-308814
-209936
-203155
-323913
-570885
-901717
-1246351
-1525178
-1677626
-1678203
-1543261
-1324361
-1093119
-914330
-826610
-830071
-890164
-949412
-950848
-857496
-671978
-432331
-203784
-55650
-42039
-178666
-440388
-764496
-1073924
-1297929
-1394419
-1360128
-1232995
-1073779
-945175
-889963
-916786
-996228
-1072597
-1083511
-985144
-766476
-456705
-117823
171713
345769
367578
243142
17008
-240054
-456037
-578236
-592171
-521139
-416818
-339834
-336779
-421857
-571043
-729708
-829800
-813788
-653882
-364698
0
364698
653882
813788
829800
729708
571043
421857
336779
339834
416818
521139
592171
578236
456037
240054
-17008
-243142
-367578
-345769
-171713
117823
456705
766476
985144
1083511
1072597
996228
916786
889963
945175
1073779
1232995
1360128
1394419
1297929
1073924
764496
440388
178666
42039
55650
203784
432331
671978
857496
950848
949412
890164
830071
826610
914330
1093119
1324361
1543261
1678203
1677626
1525178
1246351
901717
570885
323913
203155
209936
308814
438312
535898
557088
495644
380238
266634
215767
273739
450815
717769
1011451
1255508
1383056
1357200
1183090
907173
599481
331800
156303
89131
106279
155753
176728
124003
-17291
-223534
-439961
-597420
-638996
-537382
-306725
0
306725
537382
638996
597420
439961
223534
17291
-124003
-176728
-155753
-106279
-89131
-156303
-331800
-599481
-907173
-1183090
-1357200
-1383056
-1255508
-1011451
-717769
-450815
-273739
-215767
-266634
-380238
-495644
-557088
-535898
-438312
-308814
-209936
-203155
-323913
-570885
-901717
-1246351
-1525178
-1677626
-1678203
-1543261
-1324361
-1093119
-914330
-826610
-830071
-890164
-949412
-950848
-857496
-671978
-432331
-203784
-55650
-42039
-178666
-440388
-764496
-1073924
-1297929
-1394419
-1360128
-1232995
-1073779
-945175
-889963
-916786
-996228
-1072597
-1083511
-985144
-766476
-456705
-117823
171713
345769
367578
243142
17008
-240054
-456037
-578236
-592171
-521139
-416818
-339834
-336779
-421857
-571043
-729708
-829800
-813788
-653882
-364698
0
364698
653882
813788
829800
729708
571043
421857
336779
339834
416818
521139
592171
578236
456037
240054
-17008
-243142
-367578
-345769
-171713
117823
456705
766476
985144
1083511
1072597
996228
916786
889963
945175
1073779
1232995
1360128
1394419
1297929
1073924
764496
440388
178666
42039
55650
203784
432331
671978
857496
950848
949412
890164
830071
826610
914330
1093119
1324361
1543261
1678203
1677626
1525178
1246351
901717
570885
323913
203155
209936
308814
438312
535898
557088
495644
380238
266634
215767
273739
450815
717769
1011451
1255508
1383056
1357200
1183090
907173
599481
331800
156303
89131
106279
155753
176728
124003
-17291
-223534
-439961
-597420
-638996
-537382
-306725
0
306725
537382
638996
597420
439961
223534
17291
-124003
-176728
-155753
-106279
-89131
-156303
-331800
-599481
-907173
-1183090
-1357200
-1383056
-1255508
-1011451
-717769
-450815
-273739
-215767
-266634
-380238
-495644
-557088
-535898
-438312
-308814
-209936
-203155
-323913
-570885
-901717
-1246351
-1525178
-1677626
-1678203
-1543261
-1324361
-1093119
-914330
-826610
-830071
-890164
-949412
-950848
-857496
-671978
-432331
-203784
-55650
-42039
-178666
-440388
-764496
-1073924
-1297929
-1394419
-1360128
-1232995
-1073779
-945175
-889963
-916786
-996228
-1072597
-1083511
-985144
-766476
-456705
-117823
171713
345769
367578
243142
17008
-240054
-456037
-578236
-592171
-521139
-416818
-339834
-336779
-421857
-571043
-729708
-829800
-813788
-653882
-364698
0
364698
653882
813788
829800
729708
571043
421857
336779
339834
416818
521139
592171
578236
456037
240054
-17008
-243142
-367578
-345769
-171713
117823
456705
766476
985144
1083511
1072597
996228
916786
889963
945175
1073779
1232995
1360128
1394419
1297929
1073924
764496
440388
178666
42039
55650
203784
432331
671978
857496
950848
949412
890164
830071
826610
914330
1093119
1324361
1543261
1678203
1677626
1525178
1246351
901717
570885
323913
203155
209936
308814
438312
535898
557088
495644
380238
266634
215767
273739
450815
717769
1011451
1255508
1383056
1357200
1183090
907173
599481
331800
156303
89131
106279
155753
176728
124003
-17291
-223534
-439961
-597420
-638996
-537382
-306725
0
306725
537382
638996
597420
439961
223534
17291
-124003
-176728
-155753
-106279
-89131
-156303
-331800
-599481
-907173
-1183090
-1357200
-1383056
-1255508
-1011451
-717769
-450815
-273739
-215767
-266634
-380238
-495644
-557088
-535898
-438312
-308814
-209936
-203155
-323913
-570885
-901717
-1246351
-1525178
-1677626
-1678203
-1543261
-1324361
-1093119
-914330
-826610
-830071
-890164
-949412
-950848
-857496
-671978
-432331
-203784
-55650
-42039
-178666
-440388
-764496
-1073924
-1297929
-1394419
-1360128
-1232995
-1073779
-945175
-889963
-916786
-996228
-1072597
-1083511
-985144
-766476
-456705
-117823
171713
345769
367578
243142
17008
-240054
-456037
-578236
-592171
-521139
-416818
-339834
-336779
-421857
-571043
-729708
-829800
-813788
-653882
-364698
0
364698
653882
813788
829800
729708
571043
421857
336779
339834
416818
521139
592171
578236
456037
240054
-17008
-243142
-367578
-345769
-171713
117823
456705
766476
985144
1083511
1072597
996228
916786
889963
945175
1073779
1232995
1360128
1394419
1297929
1073924
764496
440388
178666
42039
55650
203784
432331
671978
857496
950848
949412
890164
830071
826610
914330
1093119
1324361
1543261
1678203
1677626
1525178
1246351
901717
570885
323913
203155
209936
308814
438312
535898
557088
495644
380238
266634
215767
273739
450815
717769
1011451
1255508
1383056
1357200
1183090
907173
599481
331800
156303
89131
106279
155753
176728
124003
-17291
-223534
-439961
-597420
-638996
-537382
-306725
0
306725
537382
638996
597420
439961
223534
17291
-124003
-176728
-155753
-106279
-89131
-156303
-331800
-599481
-907173
-1183090
-1357200
-1383056
-1255508
-1011451
-717769
-450815
-273739
-215767
-266634
-380238
-495644
-557088
-535898
-438312
-308814
-209936
-203155
-323913
-570885
-901717
-1246351
-1525178
-1677626
-1678203
-1543261
-1324361
-1093119
-914330
-826610
-830071
-890164
-949412
-950848
-857496
-671978
-432331
-203784
-55650
-42039
-178666
-440388
-764496
-1073924
-1297929
-1394419
-1360128
-1232995
-1073779
-945175
-889963
-916786
-996228
-1072597
-1083511
-985144
-766476
-456705
-117823
171713
345769
367578
243142
17008
-240054
-456037
-578236
-592171
-521139
-416818
-339834
-336779
-421857
-571043
-729708
-829800
-813788
-653882
-364698
0
364698
653882
813788
829800
729708
571043
421857
336779
339834
416818
521139
592171
578236
456037
240054
-17008
-243142
-367578
-345769
-171713
117823
456705
766476
985144
1083511
1072597
996228
916786
889963
945175
1073779
1232995
1360128
1394419
1297929
1073924
764496
440388
178666
42039
55650
203784
432331
671978
857496
950848
949412
890164
830071
826610
914330
1093119
1324361
1543261
1678203
1677626
1525178
1246351
901717
570885
323913
203155
209936
308814
438312
535898
557088
495644
380238
266634
215767
273739
450815
717769
1011451
1255508
1383056
1357200
1183090
907173
599481
331800
156303
89131
106279
155753
176728
124003
-17291
-223534
-439961
-597420
-638996
-537382
-306725
0
306725
537382
638996
597420
439961
223534
17291
-124003
-176728
-155753
-106279
-89131
-156303
-331800
-599481
-907173
-1183090
-1357200
-1383056
-1255508
-1011451
-717769
-450815
-273739
-215767
-266634
-380238
-495644
-557088
-535898
-438312
-308814
-209936
-203155
-323913
-570885
-901717
-1246351
-1525178
-1677626
-1678203
-1543261
-1324361
-1093119
-914330
-826610
-830071
-890164
-949412
-950848
-857496
-671978
-432331
-203784
-55650
-42039
-178666
-440388
-764496
-1073924
-1297929
-1394419
-1360128
-1232995
-1073779
-945175
-889963
-916786
-996228
-1072597
-1083511
-985144
-766476
-456705
-117823
171713
345769
367578
243142
17008
-240054
-456037
-578236
-592171
-521139
-416818
-339834
-336779
-421857
-571043
-729708
-829800
-813788
-653882
-364698
0
364698
653882
813788
829800
729708
571043
421857
336779
339834
416818
521139
592171
578236
456037
240054
-17008
-243142
-367578
-345769
-171713
117823
456705
766476
985144
1083511
1072597
996228
916786
889963
945175
1073779
1232995
1360128
1394419
1297929
1073924
764496
440388
178666
42039
55650
203784
432331
671978
857496
950848
949412
890164
830071
826610
914330
1093119
1324361
1543261
1678203
1677626
1525178
1246351
901717
570885
323913
203155
209936
308814
438312
535898
557088
495644
380238
266634
215767
273739
450815
717769
1011451
1255508
1383056
1357200
1183090
907173
599481
331800
156303
89131
106279
155753
176728
124003
-17291
-223534
-439961
-597420
-638996
-537382
-306725
0
306725
537382
638996
597420
439961
223534
17291
-124003
-176728
-155753
-106279
-89131
-156303
-331800
-599481
-907173
-1183090
-1357200
-1383056
-1255508
-1011451
-717769
-450815
-273739
-215767
-266634
-380238
-495644
-557088
-535898
-438312
-308814
-209936
-203155
-323913
-570885
-901717
-1246351
-1525178
-1677626
-1678203
-1543261
-1324361
-1093119
-914330
-826610
-830071
-890164
-949412
-950848
-857496
-671978
-432331
-203784
-55650
-42039
-178666
-440388
-764496
-1073924
-1297929
-1394419
-1360128
-1232995
-1073779
-945175
-889963
-916786
-996228
-1072597
-1083511
-985144
-766476
-456705
-117823
171713
345769
367578
243142
17008
-240054
-456037
-578236
-592171
-521139
-416818
-339834
-336779
-421857
-571043
-729708
-829800
-813788
-653882
-364698
0
364698
653882
813788
829800
729708
571043
421857
336779
339834
416818
521139
592171
578236
456037
240054
-17008
-243142
-367578
-345769
-171713
117823
456705
766476
985144
1083511
1072597
996228
916786
889963
945175
1073779
1232995
1360128
1394419
1297929
1073924
764496
440388
178666
42039
55650
203784
432331
671978
857496
950848
949412
890164
830071
826610
914330
1093119
1324361
1543261
1678203
1677626
1525178
1246351
901717
570885
323913
203155
209936
308814
438312
535898
557088
495644
380238
266634
215767
273739
450815
717769
1011451
1255508
1383056
1357200
1183090
907173
599481
331800
156303
89131
106279
155753
176728
124003
-17291
-223534
-439961
-597420
-638996
-537382
-306725
0
306725
537382
638996
597420
439961
223534
17291
-124003
-176728
-155753
-106279
-89131
-156303
-331800
-599481
-907173
-1183090
-1357200
-1383056
-1255508
-1011451
-717769
-450815
-273739
-215767
-266634
-380238
-495644
-557088
-535898
-438312
-308814
-209936
-203155
-323913
-570885
-901717
-1246351
-1525178
-1677626
-1678203
-1543261
-1324361
-1093119
-914330
-826610
-830071
-890164
-949412
-950848
-857496
-671978
-432331
-203784
-55650
-42039
-178666
-440388
-764496
-1073924
-1297929
-1394419
-1360128
-1232995
-1073779
-945175
-889963
-916786
-996228
-1072597
-1083511
-985144
-766476
-456705
-117823
171713
345769
367578
243142
17008
-240054
-456037
-578236
-592171
-521139
-416818
-339834
-336779
-421857
-571043
-729708
-829800
-813788
-653882
-364698
0
364698
653882
813788
829800
729708
571043
421857
336779
339834
416818
521139
592171
578236
456037
240054
-17008
-243142
-367578
-345769
-171713
117823
456705
766476
985144
1083511
1072597
996228
916786
889963
945175
1073779
1232995
1360128
1394419
1297929
1073924
764496
440388
178666
42039
55650
203784
432331
671978
857496
950848
949412
890164
830071
826610
914330
1093119
1324361
1543261
1678203
1677626
1525178
1246351
901717
570885
323913
203155
209936
308814
438312
535898
557088
495644
380238
266634
215767
273739
450815
717769
1011451
1255508
1383056
1357200
1183090
907173
599481
331800
156303
89131
106279
155753
176728
124003
-17291
-223534
-439961
-597420
-638996
-537382
-306725
0
306725
537382
638996
597420
439961
223534
17291
-124003
-176728
-155753
-106279
-89131
-156303
-331800
-599481
-907173
-1183090
-1357200
-1383056
-1255508
-1011451
-717769
-450815
-273739
-215767
-266634
-380238
-495644
-557088
-535898
-438312
-308814
-209936
-203155
-323913
-570885
-901717
-1246351
-1525178
-1677626
-1678203
-1543261
-1324361
-1093119
-914330
-826610
-830071
-890164
-949412
-950848
-857496
-671978
-432331
-203784
-55650
-42039
-178666
-440388
-764496
-1073924
-1297929
-1394419
-1360128
-1232995
-1073779
-945175
-889963
-916786
-996228
-1072597
-1083511
-985144
-766476
-456705
-117823
171713
345769
367578
243142
17008
-240054
-456037
-578236
-592171
-521139
-416818
-339834
-336779
-421857
-571043
-729708
-829800
-813788
-653882
-364698
0
364698
653882
813788
829800
729708
571043
421857
336779
339834
416818
521139
592171
578236
456037
240054
-17008
-243142
-367578
-345769
-171713
117823
456705
766476
985144
1083511
1072597
996228
916786
889963
945175
1073779
1232995
1360128
1394419
1297929
1073924
764496
440388
178666
42039
55650
203784
432331
671978
857496
950848
949412
890164
830071
826610
914330
1093119
1324361
1543261
1678203
1677626
1525178
1246351
901717
570885
323913
203155
209936
308814
438312
535898
557088
495644
380238
266634
215767
273739
450815
717769
1011451
1255508
1383056
1357200
1183090
907173
599481
331800
156303
89131
106279
155753
176728
124003
-17291
-223534
-439961
-597420
-638996
-537382
-306725
0
306725
537382
638996
597420
439961
223534
17291
-124003
-176728
-155753
-106279
-89131
-156303
-331800
-599481
-907173
-1183090
-1357200
-1383056
-1255508
-1011451
-717769
-450815
-273739
-215767
-266634
-380238
-495644
-557088
-535898
-438312
-308814
-209936
-203155
-323913
-570885
-901717
-1246351
-1525178
-1677626
-1678203
-1543261
-1324361
-1093119
-914330
-826610
-830071
-890164
-949412
-950848
-857496
-671978
-432331
-203784
-55650
-42039
-178666
-440388
-764496
-1073924
-1297929
-1394419
-1360128
-1232995
-1073779
-945175
-889963
-916786
-996228
-1072597
-1083511
-985144
-766476
-456705
-117823
171713
345769
367578
243142
17008
-240054
-456037
-578236
-592171
-521139
-416818
-339834
-336779
-421857
-571043
-729708
-829800
-813788
-653882
-364698
0
364698
653882
813788
829800
729708
571043
421857
336779
339834
416818
521139
592171
578236
456037
240054
-17008
-243142
-367578
-345769
-171713
117823
456705
766476
985144
1083511
1072597
996228
916786
889963
945175
1073779
1232995
1360128
1394419
1297929
1073924
764496
440388
178666
42039
55650
203784
432331
671978
857496
950848
949412
890164
830071
826610
914330
1093119
1324361
1543261
1678203
1677626
1525178
1246351
901717
570885
323913
203155
209936
308814
438312
535898
557088
495644
380238
266634
215767
273739
450815
717769
1011451
1255508
1383056
1357200
1183090
907173
599481
331800
156303
89131
106279
155753
176728
124003
-17291
-223534
-439961
-597420
-638996
-537382
-306725
0
306725
537382
638996
597420
439961
223534
17291
-124003
-176728
-155753
-106279
-89131
-156303
-331800
-599481
-907173
-1183090
-1357200
-1383056
-1255508
-1011451
-717769
-450815
-273739
-215767
-266634
-380238
-495644
-557088
-535898
-438312
-308814
-209936
-203155
-323913
-570885
-901717
-1246351
-1525178
-1677626
-1678203
-1543261
-1324361
-1093119
-914330
-826610
-830071
-890164
-949412
-950848
-857496
-671978
-432331
-203784
-55650
-42039
-178666
-440388
-764496
-1073924
-1297929
-1394419
-1360128
-1232995
-1073779
-945175
-889963
-916786
-996228
-1072597
-1083511
-985144
-766476
-456705
-117823
171713
345769
367578
243142
17008
-240054
-456037
-578236
-592171
-521139
-416818
-339834
-336779
-421857
-571043
-729708
-829800
-813788
-653882
-364698
0
364698
653882
813788
829800
729708
571043
421857
336779
339834
416818
521139
592171
578236
456037
240054
-17008
-243142
-367578
-345769
-171713
117823
456705
766476
985144
1083511
1072597
996228
916786
889963
945175
1073779
1232995
1360128
1394419
1297929
1073924
764496
440388
178666
42039
55650
203784
432331
671978
857496
950848
949412
890164
830071
826610
914330
1093119
1324361
1543261
1678203
1677626
1525178
1246351
901717
570885
323913
203155
209936
308814
438312
535898
557088
495644
380238
266634
215767
273739
450815
717769
1011451
1255508
1383056
1357200
1183090
907173
599481
331800
156303
89131
106279
155753
176728
124003
-17291
-223534
-439961
-597420
-638996
-537382
-306725
0
306725
537382
638996
597420
439961
223534
17291
-124003
-176728
-155753
-106279
-89131
-156303
-331800
-599481
-907173
-1183090
-1357200
-1383056
-1255508
-1011451
-717769
-450815
-273739
-215767
-266634
-380238
-495644
-557088
-535898
-438312
-308814
-209936
-203155
-323913
-570885
-901717
-1246351
-1525178
-1677626
-1678203
-1543261
-1324361
-1093119
-914330
-826610
-830071
-890164
-949412
-950848
-857496
-671978
-432331
-203784
-55650
-42039
-178666
-440388
-764496
-1073924
-1297929
-1394419
-1360128
-1232995
-1073779
-945175
-889963
-916786
-996228
-1072597
-1083511
-985144
-766476
-456705
-117823
171713
345769
367578
243142
17008
-240054
-456037
-578236
-592171
-521139
-416818
-339834
-336779
-421857
-571043
-729708
-829800
-813788
-653882
-364698
0
364698
653882
813788
829800
729708
571043
421857
336779
339834
416818
521139
592171
578236
456037
240054
-17008
-243142
-367578
-345769
-171713
117823
456705
766476
985144
1083511
1072597
996228
916786
889963
945175
1073779
1232995
1360128
1394419
1297929
1073924
764496
440388
178666
42039
55650
203784
432331
671978
857496
950848
949412
890164
830071
826610
914330
1093119
1324361
1543261
1678203
1677626
1525178
1246351
901717
570885
323913
203155
209936
308814
438312
535898
557088
495644
380238
266634
215767
273739
450815
717769
1011451
1255508
1383056
1357200
1183090
907173
599481
331800
156303
89131
106279
155753
176728
124003
-17291
-223534
-439961
-597420
-638996
-537382
-306725
0
306725
537382
638996
597420
439961
223534
17291
-124003
-176728
-155753
-106279
-89131
-156303
-331800
-599481
-907173
-1183090
-1357200
-1383056
-1255508
-1011451
-717769
-450815
-273739
-215767
-266634
-380238
-495644
-557088
-535898
-438312
-308814
-209936
-203155
-323913
-570885
-901717
-1246351
-1525178
-1677626
-1678203
-1543261
-1324361
-1093119
-914330
-826610
-830071
-890164
-949412
-950848
-857496
-671978
-432331
-203784
-55650
-42039
-178666
-440388
-764496
-1073924
-1297929
-1394419
-1360128
-1232995
-1073779
-945175
-889963
-916786
-996228
-1072597
-1083511
-985144
-766476
-456705
-117823
171713
345769
367578
243142
17008
-240054
-456037
-578236
-592171
-521139
-416818
-339834
-336779
-421857
-571043
-729708
-829800
-813788
-653882
-364698
0
364698
653882
813788
829800
729708
571043
421857
336779
339834
416818
521139
592171
578236
456037
240054
-17008
-243142
-367578
-345769
-171713
117823
456705
766476
985144
1083511
1072597
996228
916786
889963
945175
1073779
1232995
1360128
1394419
1297929
1073924
764496
440388
178666
42039
55650
203784
432331
671978
857496
950848
949412
890164
830071
826610
914330
1093119
1324361
1543261
1678203
1677626
1525178
1246351
901717
570885
323913
203155
209936
308814
438312
535898
557088
495644
380238
266634
215767
273739
450815
717769
1011451
1255508
1383056
1357200
1183090
907173
599481
331800
156303
89131
106279
155753
176728
124003
-17291
-223534
-439961
-597420
-638996
-537382
-306725
0
306725
537382
638996
597420
439961
223534
17291
-124003
-176728
-155753
-106279
-89131
-156303
-331800
-599481
-907173
-1183090
-1357200
-1383056
-1255508
-1011451
-717769
-450815
-273739
-215767
-266634
-380238
-495644
-557088
-535898
-438312
-308814
-209936
-203155
-323913
-570885
-901717
-1246351
-1525178
-1677626
-1678203
-1543261
-1324361
-1093119
-914330
-826610
-830071
-890164
-949412
-950848
-857496
-671978
-432331
-203784
-55650
-42039
-178666
-440388
-764496
-1073924
-1297929
-1394419
-1360128
-1232995
-1073779
-945175
-889963
-916786
-996228
-1072597
-1083511
-985144
-766476
-456705
-117823
171713
345769
367578
243142
17008
-240054
-456037
-578236
-592171
-521139
-416818
-339834
-336779
-421857
-571043
-729708
-829800
-813788
-653882
-364698
0
364698
653882
813788
829800
729708
571043
421857
336779
339834
416818
521139
592171
578236
456037
240054
-17008
-243142
-367578
-345769
-171713
117823
456705
766476
985144
1083511
1072597
996228
916786
889963
945175
1073779
1232995
1360128
1394419
1297929
1073924
764496
440388
178666
42039
55650
203784
432331
671978
857496
950848
949412
890164
830071
826610
914330
1093119
1324361
1543261
1678203
1677626
1525178
1246351
901717
570885
323913
203155
209936
308814
438312
535898
557088
495644
380238
266634
215767
273739
450815
717769
1011451
1255508
1383056
1357200
1183090
907173
599481
331800
156303
89131
106279
155753
176728
124003
-17291
-223534
-439961
-597420
-638996
-537382
-306725
0
306725
537382
638996
597420
439961
223534
17291
-124003
-176728
-155753
-106279
-89131
-156303
-331800
-599481
-907173
-1183090
-1357200
-1383056
-1255508
-1011451
-717769
-450815
-273739
-215767
-266634
-380238
-495644
-557088
-535898
-438312
-308814
-209936
-203155
-323913
-570885
-901717
-1246351
-1525178
-1677626
-1678203
-1543261
-1324361
-1093119
-914330
-826610
-830071
-890164
-949412
-950848
-857496
-671978
-432331
-203784
-55650
-42039
-178666
-440388
-764496
-1073924
-1297929
-1394419
-1360128
-1232995
-1073779
-945175
-889963
-916786
-996228
-1072597
-1083511
-985144
-766476
-456705
-117823
171713
345769
367578
243142
17008
-240054
-456037
-578236
-592171
-521139
-416818
-339834
-336779
-421857
-571043
-729708
-829800
-813788
-653882
-364698
0
364698
653882
813788
829800
729708
571043
421857
336779
339834
416818
521139
592171
578236
456037
240054
-17008
-243142
-367578
-345769
-171713
117823
456705
766476
985144
1083511
1072597
996228
916786
889963
945175
1073779
1232995
1360128
1394419
1297929
1073924
764496
440388
178666
42039
55650
203784
432331
671978
857496
950848
949412
890164
830071
826610
914330
1093119
1324361
1543261
1678203
1677626
1525178
1246351
901717
570885
323913
203155
209936
308814
438312
535898
557088
495644
380238
266634
215767
273739
450815
717769
1011451
1255508
1383056
1357200
1183090
907173
599481
331800
156303
89131
106279
155753
176728
124003
-17291
-223534
-439961
-597420
-638996
-537382
-306725
0
306725
537382
638996
597420
439961
223534
17291
-124003
-176728
-155753
-106279
-89131
-156303
-331800
-599481
-907173
-1183090
-1357200
-1383056
-1255508
-1011451
-717769
-450815
-273739
-215767
-266634
-380238
-495644
-557088
-535898
-438312
-308814
-209936
-203155
-323913
-570885
-901717
-1246351
-1525178
-1677626
-1678203
-1543261
-1324361
-1093119
-914330
-826610
-830071
-890164
-949412
-950848
-857496
-671978
-432331
-203784
-55650
-42039
-178666
-440388
-764496
-1073924
-1297929
-1394419
-1360128
-1232995
-1073779
-945175
-889963
-916786
-996228
-1072597
-1083511
-985144
-766476
-456705
-117823
171713
345769
367578
243142
17008
-240054
-456037
-578236
-592171
-521139
-416818
-339834
-336779
-421857
-571043
-729708
-829800
-813788
-653882
-364698
0
364698
653882
813788
829800
729708
571043
421857
336779
339834
416818
521139
592171
578236
456037
240054
-17008
-243142
-367578
-345769
-171713
117823
456705
766476
985144
1083511
1072597
996228
916786
889963
945175
1073779
1232995
1360128
1394419
1297929
1073924
764496
440388
178666
42039
55650
203784
432331
671978
857496
950848
949412
890164
830071
826610
914330
1093119
1324361
1543261
1678203
1677626
1525178
1246351
901717
570885
323913
203155
209936
308814
438312
535898
557088
495644
380238
266634
215767
273739
450815
717769
1011451
1255508
1383056
1357200
1183090
907173
599481
331800
156303
89131
106279
155753
176728
124003
-17291
-223534
-439961
-597420
-638996
-537382
-306725
0
306725
537382
638996
597420
439961
223534
17291
-124003
-176728
-155753
-106279
-89131
-156303
-331800
-599481
-907173
-1183090
-1357200
-1383056
-1255508
-1011451
-717769
-450815
-273739
-215767
-266634
-380238
-495644
-557088
-535898
-438312
-308814
-209936
-203155
-323913
-570885
-901717
-1246351
-1525178
-1677626
-1678203
-1543261
-1324361
-1093119
-914330
-826610
-830071
-890164
-949412
-950848
-857496
-671978
-432331
-203784
-55650
-42039
-178666
-440388
-764496
-1073924
-1297929
-1394419
-1360128
-1232995
-1073779
-945175
-889963
-916786
-996228
-1072597
-1083511
-985144
-766476
-456705
-117823
171713
345769
367578
243142
17008
-240054
-456037
-578236
-592171
-521139
-416818
-339834
-336779
-421857
-571043
-729708
-829800
-813788
-653882
-364698
0
364698
653882
813788
829800
729708
571043
421857
336779
339834
416818
521139
592171
578236
456037
240054
-17008
-243142
-367578
-345769
-171713
117823
456705
766476
985144
1083511
1072597
996228
916786
889963
945175
1073779
1232995
1360128
1394419
1297929
1073924
764496
440388
178666
42039
55650
203784
432331
671978
857496
950848
949412
890164
830071
826610
914330
1093119
1324361
1543261
1678203
1677626
1525178
1246351
901717
570885
323913
203155
209936
308814
438312
535898
557088
495644
380238
266634
215767
273739
450815
717769
1011451
1255508
1383056
1357200
1183090
907173
599481
331800
156303
89131
106279
155753
176728
124003
-17291
-223534
-439961
-597420
-638996
-537382
-306725
0
306725
537382
638996
597420
439961
223534
17291
-124003
-176728
-155753
-106279
-89131
-156303
-331800
-599481
-907173
-1183090
-1357200
-1383056
-1255508
-1011451
-717769
-451473
-274549
-216578
-267039
-380100
-494756
-555795
-534745
-438262
-309761
-211478
-204278
-323517
-568677
-898415
-1243475
-1524108
-1679193
-1681591
-1546467
-1325946
-1091410
-910110
-822087
-828501
-892538
-954889
-956281
-860162
-669172
-425058
-195544
-51628
-44444
-186626
-449196
-768181
-1069027
-1285673
-1380705
-1352913
-1236756
-1087315
-961005
-898732
-911623
-978427
-1051020
-1071164
-989964
-787504
-482624
-134057
177474
372878
402831
266229
12934
-271985
-499335
-607083
-585337
-476378
-354862
-296057
-341673
-482195
-660088
-796211
-823118
-714927
-496463
-234554
-6117
130145
157419
98860
6682
-66503
-89044
-60338
-4893
43778
61956
44761
6834
-28846
-43299
-31931
-4075
23086
35253
27109
5761
-16234
-25919
-21027
-4820
12347
21576
17801
5163
-8769
-15830
-13536
-3761
7214
13714
12256
4897
-3685
-8808
-7960
-2405
4022
8241
7272
2806
-2666
-5434
-5476
-2374
1570
4523
4220
1709
-1584
-3206
-3388
-1567
1070
2876
3303
2207
396
-1123
-1542
-946
49
1153
1293
887
138
-405
-811
-811
-659
0
0
0
0
0
0
0
0
0
0
0
0
0
0
0
0
0
0
0
0
0
0
0
0
0
0
0
0
0
0
0
0
0
0
0
0
0
0
0
0
0
0
0
0
0
0
0
0
0
0
0
0
0
0
0
0
0
0
0
0
0
0
0
0
0
0
0
0
0
0
0
0
0
0
0
0
0
0
0
0
0
0
0
0
0
0
0
0
0
0
0
0
0
0
0
0
0
0
0
0
0
0
0
0
0
0
0
0
0
0
0
0
0
0
0
0
0
0
0
0
0
0
0
0
0
0
0
0
0
0
0
0
0
0
0
0
0
0
0
0
0
0
0
0
0
0
0
