0
0
0
0
0
659
1317
1267
0
-1861
-3215
-2780
0
4522
7779
6560
0
-9216
-15272
-12612
0
16716
27112
21836
0
-27373
-43386
-34298
0
43127
67949
53355
0
-64561
-100498
-78248
0
95384
148639
115747
0
-141063
-220723
-173325
0
216655
345465
277509
0
-370650
-622075
-536478
0
923243
1993587
2884690
3320612
3197735
2630601
1903933
1346897
1186021
1446347
1943223
2368694
2428057
1970171
1053884
-69813
-1052510
-1573784
-1450376
-689391
523057
1891639
3107293
3940337
4299587
4245026
3956120
3666352
3581197
3806835
4311056
4931675
5427009
5559713
5181462
4294881
3062664
1765541
716425
164825
216710
807282
1724765
2685977
3429228
3800206
3795945
3559130
3318929
3304166
3655754
4371385
5296365
6171023
6712519
6710886
6099697
4982766
3605591
2281533
1292983
809220
837777
1232919
1750445
2138924
2226331
1980943
1518989
1063407
861108
1093033
1801862
2869729
4045703
5022713
5532131
5428000
4732818
3628943
2397160
1326810
625088
355346
423300
621031
706634
495444
-70670
-896425
-1761011
-2391492
-2557371
-2150103
-1227108
0
1227108
2150103
2557371
2391492
1761011
896425
70670
-495444
-706634
-621031
-423300
-355346
-625088
-1326810
-2397160
-3628943
-4732818
-5428000
-5532131
-5022713
-4045703
-2869729
-1801862
-1093033
-861108
-1063407
-1518989
-1980943
-2226331
-2138924
-1750445
-1232919
-837777
-809220
-1292983
-2281533
-3605591
-4982766
-6099697
-6710886
-6712519
-6171023
-5296365
-4371385
-3655754
-3304166
-3318929
-3559130
-3795286
-3798889
-3427961
-2685977
-1726626
-810497
-219490
-164825
-711903
-1757762
-3056104
-4294881
-5190678
-5574985
-5439621
-4931675
-4294340
-3779723
-3559361
-3666352
-3983492
-4288411
-4333885
-3940337
-3064167
-1823690
-469701
689391
1385815
1473286
974262
69813
-958500
-1821532
-2312311
-2368694
-2084286
-1667070
-1359346
-1346897
-1687278
-2285136
-2920226
-3320612
-3255340
-2615662
-1459721
0
1459721
2615662
3255340
3320612
2920226
2285136
1687278
1346897
1359346
1667070
2084286
2368694
2312311
1821532
958500
-69813
-974262
-1473286
-1385815
-689391
469701
1823690
3064167
3940337
4333885
4288411
3983492
3666352
3559361
3779723
4294340
4931675
5439621
5574985
5190678
4294881
3056104
1757762
711903
164825
219490
810497
1726626
2685977
3427961
3798889
3795286
3559130
3318929
3304166
3655754
4371385
5296365
6171023
6712519
6710886
6099697
4982766
3605591
2281533
1292983
809220
837777
1232919
1750445
2138924
2226331
1980943
1518989
1063407
861108
1093033
1801862
2869729
4045703
5022713
5532131
5428000
4732818
3628943
2397160
1326810
625088
355346
423300
621031
706634
495444
-70670
-896425
-1761011
-2391492
-2557371
-2150103
-1227108
0
1227108
2150103
2557371
2391492
1761011
896425
70670
-495444
-706634
-621031
-423300
-355346
-625088
-1326810
-2397160
-3628943
-4732818
-5428000
-5532131
-5022713
-4045703
-2869729
-1801862
-1093033
-861108
-1063407
-1518989
-1980943
-2226331
-2138924
-1750445
-1232919
-837777
-809220
-1292983
-2281533
-3605591
-4982766
-6099697
-6710886
-6712519
-6171023
-5296365
-4371385
-3655754
-3304166
-3318929
-3559130
-3795286
-3798889
-3427961
-2685977
-1726626
-810497
-219490
-164825
-711903
-1757762
-3056104
-4294881
-5190678
-5574985
-5439621
-4931675
-4294340
-3779723
-3559361
-3666352
-3983492
-4288411
-4333885
-3940337
-3064167
-1823690
-469701
689391
1385815
1473286
974262
69813
-958500
-1821532
-2312311
-2368694
-2084286
-1667070
-1359346
-1346897
-1687278
-2285136
-2920226
-3320612
-3255340
-2615662
-1459721
0
1459721
2615662
3255340
3320612
2920226
2285136
1687278
1346897
1359346
1667070
2084286
2368694
2312311
1821532
958500
-69813
-974262
-1473286
-1385815
-689391
469701
1823690
3064167
3940337
4333885
4288411
3983492
3666352
3559361
3779723
4294340
4931675
5439621
5574985
5190678
4294881
3056104
1757762
711903
164825
219490
810497
1726626
2685977
3427961
3798889
3795286
3559130
3318929
3304166
3655754
4371385
5296365
6171023
6712519
6710886
6099697
4982766
3605591
2281533
1292983
809220
837777
1232919
1750445
2138924
2226331
1980943
1518989
1063407
861108
1093033
1801862
2869729
4045703
5022713
5532131
5428000
4732818
3628943
2397160
1326810
625088
355346
423300
621031
706634
495444
-70670
-896425
-1761011
-2391492
-2557371
-2150103
-1227108
0
1227108
2150103
2557371
2391492
1761011
896425
70670
-495444
-706634
-621031
-423300
-355346
-625088
-1326810
-2397160
-3628943
-4732818
-5428000
-5532131
-5022713
-4045703
-2869729
-1801862
-1093033
-861108
-1063407
-1518989
-1980943
-2226331
-2138924
-1750445
-1232919
-837777
-809220
-1292983
-2281533
-3605591
-4982766
-6099697
-6710886
-6712519
-6171023
-5296365
-4371385
-3655754
-3304166
-3318929
-3559130
-3795286
-3798889
-3427961
-2685977
-1726626
-810497
-219490
-164825
-711903
-1757762
-3056104
-4294881
-5190678
-5574985
-5439621
-4931675
-4294340
-3779723
-3559361
-3666352
-3983492
-4288411
-4333885
-3940337
-3064167
-1823690
-469701
689391
1385815
1473286
974262
69813
-958500
-1821532
-2312311
-2368694
-2084286
-1667070
-1359346
-1346897
-1687278
-2285136
-2920226
-3320612
-3255340
-2615662
-1459721
0
1459721
2615662
3255340
3320612
2920226
2285136
1687278
1346897
1359346
1667070
2084286
2368694
2312311
1821532
958500
-69813
-974262
-1473286
-1385815
-689391
469701
1823690
3064167
3940337
4333885
4288411
3983492
3666352
3559361
3779723
4294340
4931675
5439621
5574985
5190678
4294881
3056104
1757762
711903
164825
219490
810497
1726626
2685977
3427961
3798889
3795286
3559130
3318929
3304166
3655754
4371385
5296365
6171023
6712519
6710886
6099697
4982766
3605591
2281533
1292983
809220
837777
1232919
1750445
2138924
2226331
1980943
1518989
1063407
861108
1093033
1801862
2869729
4045703
5022713
5532131
5428000
4732818
3628943
2397160
1326810
625088
355346
423300
621031
706634
495444
-70670
-896425
-1761011
-2391492
-2557371
-2150103
-1227108
0
1227108
2150103
2557371
2391492
1761011
896425
70670
-495444
-706634
-621031
-423300
-355346
-625088
-1326810
-2397160
-3628943
-4732818
-5428000
-5532131
-5022713
-4045703
-2869729
-1801862
-1093033
-861108
-1063407
-1518989
-1980943
-2226331
-2138924
-1750445
-1232919
-837777
-809220
-1292983
-2281533
-3605591
-4982766
-6099697
-6710886
-6712519
-6171023
-5296365
-4371385
-3655754
-3304166
-3318929
-3559130
-3795286
-3798889
-3427961
-2685977
-1726626
-810497
-219490
-164825
-711903
-1757762
-3056104
-4294881
-5190678
-5574985
-5439621
-4931675
-4294340
-3779723
-3559361
-3666352
-3983492
-4288411
-4333885
-3940337
-3064167
-1823690
-469701
689391
1385815
1473286
974262
69813
-958500
-1821532
-2312311
-2368694
-2084286
-1667070
-1359346
-1346897
-1687278
-2285136
-2920226
-3320612
-3255340
-2615662
-1459721
0
1459721
2615662
3255340
3320612
2920226
2285136
1687278
1346897
1359346
1667070
2084286
2368694
2312311
1821532
958500
-69813
-974262
-1473286
-1385815
-689391
469701
1823690
3064167
3940337
4333885
4288411
3983492
3666352
3559361
3779723
4294340
4931675
5439621
5574985
5190678
4294881
3056104
1757762
711903
164825
219490
810497
1726626
2685977
3427961
3798889
3795286
3559130
3318929
3304166
3655754
4371385
5296365
6171023
6712519
6710886
6099697
4982766
3605591
2281533
1292983
809220
837777
1232919
1750445
2138924
2226331
1980943
1518989
1063407
861108
1093033
1801862
2869729
4045703
5022713
5532131
5428000
4732818
3628943
2397160
1326810
625088
355346
423300
621031
706634
495444
-70670
-896425
-1761011
-2391492
-2557371
-2150103
-1227108
0
1227108
2150103
2557371
2391492
1761011
896425
70670
-495444
-706634
-621031
-423300
-355346
-625088
-1326810
-2397160
-3628943
-4732818
-5428000
-5532131
-5022713
-4045703
-2869729
-1801862
-1093033
-861108
-1063407
-1518989
-1980943
-2226331
-2138924
-1750445
-1232919
-837777
-809220
-1292983
-2281533
-3605591
-4982766
-6099697
-6710886
-6712519
-6171023
-5296365
-4371385
-3655754
-3304166
-3318929
-3559130
-3795286
-3798889
-3427961
-2685977
-1726626
-810497
-219490
-164825
-711903
-1757762
-3056104
-4294881
-5190678
-5574985
-5439621
-4931675
-4294340
-3779723
-3559361
-3666352
-3983492
-4288411
-4333885
-3940337
-3064167
-1823690
-469701
689391
1385815
1473286
974262
69813
-958500
-1821532
-2312311
-2368694
-2084286
-1667070
-1359346
-1346897
-1687278
-2285136
-2920226
-3320612
-3255340
-2615662
-1459721
0
1459721
2615662
3255340
3320612
2920226
2285136
1687278
1346897
1359346
1667070
2084286
2368694
2312311
1821532
958500
-69813
-974262
-1473286
-1385815
-689391
469701
1823690
3064167
3940337
4333885
4288411
3983492
3666352
3559361
3779723
4294340
4931675
5439621
5574985
5190678
4294881
3056104
1757762
711903
164825
219490
810497
1726626
2685977
3427961
3798889
3795286
3559130
3318929
3304166
3655754
4371385
5296365
6171023
6712519
6710886
6099697
4982766
3605591
2281533
1292983
809220
837777
1232919
1750445
2138924
2226331
1980943
1518989
1063407
861108
1093033
1801862
2869729
4045703
5022713
5532131
5428000
4732818
3628943
2397160
1326810
625088
355346
423300
621031
706634
495444
-70670
-896425
-1761011
-2391492
-2557371
-2150103
-1227108
0
1227108
2150103
2557371
2391492
1761011
896425
70670
-495444
-706634
-621031
-423300
-355346
-625088
-1326810
-2397160
-3628943
-4732818
-5428000
-5532131
-5022713
-4045703
-2869729
-1801862
-1093033
-861108
-1063407
-1518989
-1980943
-2226331
-2138924
-1750445
-1232919
-837777
-809220
-1292983
-2281533
-3605591
-4982766
-6099697
-6710886
-6712519
-6171023
-5296365
-4371385
-3655754
-3304166
-3318929
-3559130
-3795286
-3798889
-3427961
-2685977
-1726626
-810497
-219490
-164825
-711903
-1757762
-3056104
-4294881
-5190678
-5574985
-5439621
-4931675
-4294340
-3779723
-3559361
-3666352
-3983492
-4288411
-4333885
-3940337
-3064167
-1823690
-469701
689391
1385815
1473286
974262
69813
-958500
-1821532
-2312311
-2368694
-2084286
-1667070
-1359346
-1346897
-1687278
-2285136
-2920226
-3320612
-3255340
-2615662
-1459721
0
1459721
2615662
3255340
3320612
2920226
2285136
1687278
1346897
1359346
1667070
2084286
2368694
2312311
1821532
958500
-69813
-974262
-1473286
-1385815
-689391
469701
1823690
3064167
3940337
4333885
4288411
3983492
3666352
3559361
3779723
4294340
4931675
5439621
5574985
5190678
4294881
3056104
1757762
711903
164825
219490
810497
1726626
2685977
3427961
3798889
3795286
3559130
3318929
3304166
3655754
4371385
5296365
6171023
6712519
6710886
6099697
4982766
3605591
2281533
1292983
809220
837777
1232919
1750445
2138924
2226331
1980943
1518989
1063407
861108
1093033
1801862
2869729
4045703
5022713
5532131
5428000
4732818
3628943
2397160
1326810
625088
355346
423300
621031
706634
495444
-70670
-896425
-1761011
-2391492
-2557371
-2150103
-1227108
0
1227108
2150103
2557371
2391492
1761011
896425
70670
-495444
-706634
-621031
-423300
-355346
-625088
-1326810
-2397160
-3628943
-4732818
-5428000
-5532131
-5022713
-4045703
-2869729
-1801862
-1093033
-861108
-1063407
-1518989
-1980943
-2226331
-2138924
-1750445
-1232919
-837777
-809220
-1292983
-2281533
-3605591
-4982766
-6099697
-6710886
-6712519
-6171023
-5296365
-4371385
-3655754
-3304166
-3318929
-3559130
-3795286
-3798889
-3427961
-2685977
-1726626
-810497
-219490
-164825
-711903
-1757762
-3056104
-4294881
-5190678
-5574985
-5439621
-4931675
-4294340
-3779723
-3559361
-3666352
-3983492
-4288411
-4333885
-3940337
-3064167
-1823690
-469701
689391
1385815
1473286
974262
69813
-958500
-1821532
-2312311
-2368694
-2084286
-1667070
-1359346
-1346897
-1687278
-2285136
-2920226
-3320612
-3255340
-2615662
-1459721
0
1459721
2615662
3255340
3320612
2920226
2285136
1687278
1346897
1359346
1667070
2084286
2368694
2312311
1821532
958500
-69813
-974262
-1473286
-1385815
-689391
469701
1823690
3064167
3940337
4333885
4288411
3983492
3666352
3559361
3779723
4294340
4931675
5439621
5574985
5190678
4294881
3056104
1757762
711903
164825
219490
810497
1726626
2685977
3427961
3798889
3795286
3559130
3318929
3304166
3655754
4371385
5296365
6171023
6712519
6710886
6099697
4982766
3605591
2281533
1292983
809220
837777
1232919
1750445
2138924
2226331
1980943
1518989
1063407
861108
1093033
1801862
2869729
4045703
5022713
5532131
5428000
4732818
3628943
2397160
1326810
625088
355346
423300
621031
706634
495444
-70670
-896425
-1761011
-2391492
-2557371
-2150103
-1227108
0
1227108
2150103
2557371
2391492
1761011
896425
70670
-495444
-706634
-621031
-423300
-355346
-625088
-1326810
-2397160
-3628943
-4732818
-5428000
-5532131
-5022713
-4045703
-2869729
-1801862
-1093033
-861108
-1063407
-1518989
-1980943
-2226331
-2138924
-1750445
-1232919
-837777
-809220
-1292983
-2281533
-3605591
-4982766
-6099697
-6710886
-6712519
-6171023
-5296365
-4371385
-3655754
-3304166
-3318929
-3559130
-3795286
-3798889
-3427961
-2685977
-1726626
-810497
-219490
-164825
-711903
-1757762
-3056104
-4294881
-5190678
-5574985
-5439621
-4931675
-4294340
-3779723
-3559361
-3666352
-3983492
-4288411
-4333885
-3940337
-3064167
-1823690
-469701
689391
1385815
1473286
974262
69813
-958500
-1821532
-2312311
-2368694
-2084286
-1667070
-1359346
-1346897
-1687278
-2285136
-2920226
-3320612
-3255340
-2615662
-1459721
0
1459721
2615662
3255340
3320612
2920226
2285136
1687278
1346897
1359346
1667070
2084286
2368694
2312311
1821532
958500
-69813
-974262
-1473286
-1385815
-689391
469701
1823690
3064167
3940337
4333885
4288411
3983492
3666352
3559361
3779723
4294340
4931675
5439621
5574985
5190678
4294881
3056104
1757762
711903
164825
219490
810497
1726626
2685977
3427961
3798889
3795286
3559130
3318929
3304166
3655754
4371385
5296365
6171023
6712519
6710886
6099697
4982766
3605591
2281533
1292983
809220
837777
1232919
1750445
2138924
2226331
1980943
1518989
1063407
861108
1093033
1801862
2869729
4045703
5022713
5532131
5428000
4732818
3628943
2397160
1326810
625088
355346
423300
621031
706634
495444
-70670
-896425
-1761011
-2391492
-2557371
-2150103
-1227108
0
1227108
2150103
2557371
2391492
1761011
896425
70670
-495444
-706634
-621031
-423300
-355346
-625088
-1326810
-2397160
-3628943
-4732818
-5428000
-5532131
-5022713
-4045703
-2869729
-1801862
-1093033
-861108
-1063407
-1518989
-1980943
-2226331
-2138924
-1750445
-1232919
-837777
-809220
-1292983
-2281533
-3605591
-4982766
-6099697
-6710886
-6712519
-6171023
-5296365
-4371385
-3655754
-3304166
-3318929
-3559130
-3795286
-3798889
-3427961
-2685977
-1726626
-810497
-219490
-164825
-711903
-1757762
-3056104
-4294881
-5190678
-5574985
-5439621
-4931675
-4294340
-3779723
-3559361
-3666352
-3983492
-4288411
-4333885
-3940337
-3064167
-1823690
-469701
689391
1385815
1473286
974262
69813
-958500
-1821532
-2312311
-2368694
-2084286
-1667070
-1359346
-1346897
-1687278
-2285136
-2920226
-3320612
-3255340
-2615662
-1459721
0
1459721
2615662
3255340
3320612
2920226
2285136
1687278
1346897
1359346
1667070
2084286
2368694
2312311
1821532
958500
-69813
-974262
-1473286
-1385815
-689391
469701
1823690
3064167
3940337
4333885
4288411
3983492
3666352
3559361
3779723
4294340
4931675
5439621
5574985
5190678
4294881
3056104
1757762
711903
164825
219490
810497
1726626
2685977
3427961
3798889
3795286
3559130
3318929
3304166
3655754
4371385
5296365
6171023
6712519
6710886
6099697
4982766
3605591
2281533
1292983
809220
837777
1232919
1750445
2138924
2226331
1980943
1518989
1063407
861108
1093033
1801862
2869729
4045703
5022713
5532131
5428000
4732818
3628943
2397160
1326810
625088
355346
423300
621031
706634
495444
-70670
-896425
-1761011
-2391492
-2557371
-2150103
-1227108
0
1227108
2150103
2557371
2391492
1761011
896425
70670
-495444
-706634
-621031
-423300
-355346
-625088
-1326810
-2397160
-3628943
-4732818
-5428000
-5532131
-5022713
-4045703
-2869729
-1801862
-1093033
-861108
-1063407
-1518989
-1980943
-2226331
-2138924
-1750445
-1232919
-837777
-809220
-1292983
-2281533
-3605591
-4982766
-6099697
-6710886
-6712519
-6171023
-5296365
-4371385
-3655754
-3304166
-3318929
-3559130
-3795286
-3798889
-3427961
-2685977
-1726626
-810497
-219490
-164825
-711903
-1757762
-3056104
-4294881
-5190678
-5574985
-5439621
-4931675
-4294340
-3779723
-3559361
-3666352
-3983492
-4288411
-4333885
-3940337
-3064167
-1823690
-469701
689391
1385815
1473286
974262
69813
-958500
-1821532
-2312311
-2368694
-2084286
-1667070
-1359346
-1346897
-1687278
-2285136
-2920226
-3320612
-3255340
-2615662
-1459721
0
1459721
2615662
3255340
3320612
2920226
2285136
1687278
1346897
1359346
1667070
2084286
2368694
2312311
1821532
958500
-69813
-974262
-1473286
-1385815
-689391
469701
1823690
3064167
3940337
4333885
4288411
3983492
3666352
3559361
3779723
4294340
4931675
5439621
5574985
5190678
4294881
3056104
1757762
711903
164825
219490
810497
1726626
2685977
3427961
3798889
3795286
3559130
3318929
3304166
3655754
4371385
5296365
6171023
6712519
6710886
6099697
4982766
3605591
2281533
1292983
809220
837777
1232919
1750445
2138924
2226331
1980943
1518989
1063407
861108
1093033
1801862
2869729
4045703
5022713
5532131
5428000
4732818
3628943
2397160
1326810
625088
355346
423300
621031
706634
495444
-70670
-896425
-1761011
-2391492
-2557371
-2150103
-1227108
0
1227108
2150103
2557371
2391492
1761011
896425
70670
-495444
-706634
-621031
-423300
-355346
-625088
-1326810
-2397160
-3628943
-4732818
-5428000
-5532131
-5022713
-4045703
-2869729
-1801862
-1093033
-861108
-1063407
-1518989
-1980943
-2226331
-2138924
-1750445
-1232919
-837777
-809220
-1292983
-2281533
-3605591
-4982766
-6099697
-6710886
-6712519
-6171023
-5296365
-4371385
-3655754
-3304166
-3318929
-3559130
-3795286
-3798889
-3427961
-2685977
-1726626
-810497
-219490
-164825
-711903
-1757762
-3056104
-4294881
-5190678
-5574985
-5439621
-4931675
-4294340
-3779723
-3559361
-3666352
-3983492
-4288411
-4333885
-3940337
-3064167
-1823690
-469701
689391
1385815
1473286
974262
69813
-958500
-1821532
-2312311
-2368694
-2084286
-1667070
-1359346
-1346897
-1687278
-2285136
-2920226
-3320612
-3255340
-2615662
-1459721
0
1459721
2615662
3255340
3320612
2920226
2285136
1687278
1346897
1359346
1667070
2084286
2368694
2312311
1821532
958500
-69813
-974262
-1473286
-1385815
-689391
469701
1823690
3064167
3940337
4333885
4288411
3983492
3666352
3559361
3779723
4294340
4931675
5439621
5574985
5190678
4294881
3056104
1757762
711903
164825
219490
810497
1726626
2685977
3427961
3798889
3795286
3559130
3318929
3304166
3655754
4371385
5296365
6171023
6712519
6710886
6099697
4982766
3605591
2281533
1292983
809220
837777
1232919
1750445
2138924
2226331
1980943
1518989
1063407
861108
1093033
1801862
2869729
4045703
5022713
5532131
5428000
4732818
3628943
2397160
1326810
625088
355346
423300
621031
706634
495444
-70670
-896425
-1761011
-2391492
-2557371
-2150103
-1227108
0
1227108
2150103
2557371
2391492
1761011
896425
70670
-495444
-706634
-621031
-423300
-355346
-625088
-1326810
-2397160
-3628943
-4732818
-5428000
-5532131
-5022713
-4045703
-2869729
-1801862
-1093033
-861108
-1063407
-1518989
-1980943
-2226331
-2138924
-1750445
-1232919
-837777
-809220
-1292983
-2281533
-3605591
-4982766
-6099697
-6710886
-6712519
-6171023
-5296365
-4371385
-3655754
-3304166
-3318929
-3559130
-3795286
-3798889
-3427961
-2685977
-1726626
-810497
-219490
-164825
-711903
-1757762
-3056104
-4294881
-5190678
-5574985
-5439621
-4931675
-4294340
-3779723
-3559361
-3666352
-3983492
-4288411
-4333885
-3940337
-3064167
-1823690
-469701
689391
1385815
1473286
974262
69813
-958500
-1821532
-2312311
-2368694
-2084286
-1667070
-1359346
-1346897
-1687278
-2285136
-2920226
-3320612
-3255340
-2615662
-1459721
0
1459721
2615662
3255340
3320612
2920226
2285136
1687278
1346897
1359346
1667070
2084286
2368694
2312311
1821532
958500
-69813
-974262
-1473286
-1385815
-689391
469701
1823690
3064167
3940337
4333885
4288411
3983492
3666352
3559361
3779723
4294340
4931675
5439621
5574985
5190678
4294881
3056104
1757762
711903
164825
219490
810497
1726626
2685977
3427961
3798889
3795286
3559130
3318929
3304166
3655754
4371385
5296365
6171023
6712519
6710886
6099697
4982766
3605591
2281533
1292983
809220
837777
1232919
1750445
2138924
2226331
1980943
1518989
1063407
861108
1093033
1801862
2869729
4045703
5022713
5532131
5428000
4732818
3628943
2397160
1326810
625088
355346
423300
621031
706634
495444
-70670
-896425
-1761011
-2391492
-2557371
-2150103
-1227108
0
1227108
2150103
2557371
2391492
1761011
896425
70670
-495444
-706634
-621031
-423300
-355346
-625088
-1326810
-2397160
-3628943
-4732818
-5428000
-5532131
-5022713
-4045703
-2869729
-1801862
-1093033
-861108
-1063407
-1518989
-1980943
-2226331
-2138924
-1750445
-1232919
-837777
-809220
-1292983
-2281533
-3605591
-4982766
-6099697
-6710886
-6712519
-6171023
-5296365
-4371385
-3655754
-3304166
-3318929
-3559130
-3795286
-3798889
-3427961
-2685977
-1726626
-810497
-219490
-164825
-711903
-1757762
-3056104
-4294881
-5190678
-5574985
-5439621
-4931675
-4294340
-3779723
-3559361
-3666352
-3983492
-4288411
-4333885
-3940337
-3064167
-1823690
-469701
689391
1385815
1473286
974262
69813
-958500
-1821532
-2312311
-2368694
-2084286
-1667070
-1359346
-1346897
-1687278
-2285136
-2920226
-3320612
-3255340
-2615662
-1459721
0
1459721
2615662
3255340
3320612
2920226
2285136
1687278
1346897
1359346
1667070
2084286
2368694
2312311
1821532
958500
-69813
-974262
-1473286
-1385815
-689391
469701
1823690
3064167
3940337
4333885
4288411
3983492
3666352
3559361
3779723
4294340
4931675
5439621
5574985
5190678
4294881
3056104
1757762
711903
164825
219490
810497
1726626
2685977
3427961
3798889
3795286
3559130
3318929
3304166
3655754
4371385
5296365
6171023
6712519
6710886
6099697
4982766
3605591
2281533
1292983
809220
837777
1232919
1750445
2138924
2226331
1980943
1518989
1063407
861108
1093033
1801862
2869729
4045703
5022713
5532131
5428000
4732818
3628943
2397160
1326810
625088
355346
423300
621031
706634
495444
-70670
-896425
-1761011
-2391492
-2557371
-2150103
-1227108
0
1227108
2150103
2557371
2391492
1761011
896425
70670
-495444
-706634
-621031
-423300
-355346
-625088
-1326810
-2397160
-3628943
-4732818
-5428000
-5532131
-5022713
-4045703
-2869729
-1801862
-1093033
-861108
-1063407
-1518989
-1980943
-2226331
-2138924
-1750445
-1232919
-837777
-809220
-1292983
-2281533
-3605591
-4982766
-6099697
-6710886
-6712519
-6171023
-5296365
-4371385
-3655754
-3304166
-3318929
-3559130
-3795286
-3798889
-3427961
-2685977
-1726626
-810497
-219490
-164825
-711903
-1757762
-3056104
-4294881
-5190678
-5574985
-5439621
-4931675
-4294340
-3779723
-3559361
-3666352
-3983492
-4288411
-4333885
-3940337
-3064167
-1823690
-469701
689391
1385815
1473286
974262
69813
-958500
-1821532
-2312311
-2368694
-2084286
-1667070
-1359346
-1346897
-1687278
-2285136
-2920226
-3320612
-3255340
-2615662
-1459721
0
1459721
2615662
3255340
3320612
2920226
2285136
1687278
1346897
1359346
1667070
2084286
2368694
2312311
1821532
958500
-69813
-974262
-1473286
-1385815
-689391
469701
1823690
3064167
3940337
4333885
4288411
3983492
3666352
3559361
3779723
4294340
4931675
5439621
5574985
5190678
4294881
3056104
1757762
711903
164825
219490
810497
1726626
2685977
3427961
3798889
3795286
3559130
3318929
3304166
3655754
4371385
5296365
6171023
6712519
6710886
6099697
4982766
3605591
2281533
1292983
809220
837777
1232919
1750445
2138924
2226331
1980943
1518989
1063407
861108
1093033
1801862
2869729
4045703
5022713
5532131
5428000
4732818
3628943
2397160
1326810
625088
355346
423300
621031
706634
495444
-70670
-896425
-1761011
-2391492
-2557371
-2150103
-1227108
0
1227108
2150103
2557371
2391492
1761011
896425
70670
-495444
-706634
-621031
-423300
-355346
-625088
-1326810
-2397160
-3628943
-4732818
-5428000
-5532131
-5022713
-4045703
-2869729
-1801862
-1093033
-861108
-1063407
-1518989
-1980943
-2226331
-2138924
-1750445
-1232919
-837777
-809220
-1292983
-2281533
-3605591
-4982766
-6099697
-6710886
-6712519
-6171023
-5296365
-4371385
-3655754
-3304166
-3318929
-3559130
-3795286
-3798889
-3427961
-2685977
-1726626
-810497
-219490
-164825
-711903
-1757762
-3056104
-4294881
-5190678
-5574985
-5439621
-4931675
-4294340
-3779723
-3559361
-3666352
-3983492
-4288411
-4333885
-3940337
-3064167
-1823690
-469701
689391
1385815
1473286
974262
69813
-958500
-1821532
-2312311
-2368694
-2084286
-1667070
-1359346
-1346897
-1687278
-2285136
-2920226
-3320612
-3255340
-2615662
-1459721
0
1459721
2615662
3255340
3320612
2920226
2285136
1687278
1346897
1359346
1667070
2084286
2368694
2312311
1821532
958500
-69813
-974262
-1473286
-1385815
-689391
469701
1823690
3064167
3940337
4333885
4288411
3983492
3666352
3559361
3779723
4294340
4931675
5439621
5574985
5190678
4294881
3056104
1757762
711903
164825
219490
810497
1726626
2685977
3427961
3798889
3795286
3559130
3318929
3304166
3655754
4371385
5296365
6171023
6712519
6710886
6099697
4982766
3605591
2281533
1292983
809220
837777
1232919
1750445
2138924
2226331
1980943
1518989
1063407
861108
1093033
1801862
2869729
4045703
5022713
5532131
5428000
4732818
3628943
2397160
1326810
625088
355346
423300
621031
706634
495444
-70670
-896425
-1761011
-2391492
-2557371
-2150103
-1227108
0
1227108
2150103
2557371
2391492
1761011
896425
70670
-495444
-706634
-621031
-423300
-355346
-625088
-1326810
-2397160
-3628943
-4732818
-5428000
-5532131
-5022713
-4045703
-2869729
-1801862
-1093033
-861108
-1063407
-1518989
-1980943
-2226331
-2138924
-1750445
-1232919
-837777
-809220
-1292983
-2281533
-3605591
-4982766
-6099697
-6710886
-6712519
-6171023
-5296365
-4371385
-3655754
-3304166
-3318929
-3559130
-3795286
-3798889
-3427961
-2685977
-1726626
-810497
-219490
-164825
-711903
-1757762
-3056104
-4294881
-5190678
-5574985
-5439621
-4931675
-4294340
-3779723
-3559361
-3666352
-3983492
-4288411
-4333885
-3940337
-3064167
-1823690
-469701
689391
1385815
1473286
974262
69813
-958500
-1821532
-2312311
-2368694
-2084286
-1667070
-1359346
-1346897
-1687278
-2285136
-2920226
-3320612
-3255340
-2615662
-1459721
0
1459721
2615662
3255340
3320612
2920226
2285136
1687278
1346897
1359346
1667070
2084286
2368694
2312311
1821532
958500
-69813
-974262
-1473286
-1385815
-689391
469701
1823690
3064167
3940337
4333885
4288411
3983492
3666352
3559361
3779723
4294340
4931675
5439621
5574985
5190678
4294881
3056104
1757762
711903
164825
219490
810497
1726626
2685977
3427961
3798889
3795286
3559130
3318929
3304166
3655754
4371385
5296365
6171023
6712519
6710886
6099697
4982766
3605591
2281533
1292983
809220
837777
1232919
1750445
2138924
2226331
1980943
1518989
1063407
861108
1093033
1801862
2869729
4045703
5022713
5532131
5428000
4732818
3628943
2397160
1326810
625088
355346
423300
621031
706634
495444
-70670
-896425
-1761011
-2391492
-2557371
-2150103
-1227108
0
1227108
2150103
2557371
2391492
1761011
896425
70670
-495444
-706634
-621031
-423300
-355346
-625088
-1326810
-2397160
-3628943
-4732818
-5428000
-5532131
-5022713
-4045703
-2869729
-1801862
-1093033
-861108
-1063407
-1518989
-1980943
-2226331
-2138924
-1750445
-1232919
-837777
-809220
-1292983
-2281533
-3605591
-4982766
-6099697
-6710886
-6712519
-6171023
-5296365
-4371385
-3655754
-3304166
-3318929
-3559130
-3795286
-3798889
-3427961
-2685977
-1726626
-810497
-219490
-164825
-711903
-1757762
-3056104
-4294881
-5190678
-5574985
-5439621
-4931675
-4294340
-3779723
-3559361
-3666352
-3983492
-4288411
-4333885
-3940337
-3064167
-1823690
-469701
689391
1385815
1473286
974262
69813
-958500
-1821532
-2312311
-2368694
-2084286
-1667070
-1359346
-1346897
-1687278
-2285136
-2920226
-3320612
-3255340
-2615662
-1459721
0
1459721
2615662
3255340
3320612
2920226
2285136
1687278
1346897
1359346
1667070
2084286
2368694
2312311
1821532
958500
-69813
-974262
-1473286
-1385815
-689391
469701
1823690
3064167
3940337
4333885
4288411
3983492
3666352
3559361
3779723
4294340
4931675
5439621
5574985
5190678
4294881
3056104
1757762
711903
164825
219490
810497
1726626
2685977
3427961
3798889
3795286
3559130
3318929
3304166
3655754
4371385
5296365
6171023
6712519
6710886
6099697
4982766
3605591
2281533
1292983
809220
837777
1232919
1750445
2138924
2226331
1980943
1518989
1063407
861108
1093033
1801862
2869729
4045703
5022713
5532131
5428000
4732818
3628943
2397160
1326810
625088
355346
423300
621031
706634
495444
-70670
-896425
-1761011
-2391492
-2557371
-2150103
-1227108
0
1227108
2150103
2557371
2391492
1761011
896425
70670
-495444
-706634
-621031
-423300
-355346
-625088
-1326810
-2397160
-3628943
-4732818
-5428000
-5532131
-5022713
-4045703
-2869729
-1801862
-1093033
-861108
-1063407
-1518989
-1980943
-2226331
-2138924
-1750445
-1232919
-837777
-809220
-1292983
-2281533
-3605591
-4982766
-6099697
-6710886
-6712519
-6171023
-5296365
-4371385
-3655754
-3304166
-3318929
-3559130
-3795286
-3798889
-3427961
-2685977
-1726626
-810497
-219490
-164825
-711903
-1757762
-3056104
-4294881
-5190678
-5574985
-5439621
-4931675
-4294340
-3779723
-3559361
-3666352
-3983492
-4288411
-4333885
-3940337
-3064167
-1823690
-469701
689391
1385815
1473286
974262
69813
-958500
-1821532
-2312311
-2368694
-2084286
-1667070
-1359346
-1346897
-1687278
-2285136
-2920226
-3320612
-3255340
-2615662
-1459721
0
1459721
2615662
3255340
3320612
2920226
2285136
1687278
1346897
1359346
1667070
2084286
2368694
2312311
1821532
958500
-69813
-974262
-1473286
-1385815
-689391
469701
1823690
3064167
3940337
4333885
4288411
3983492
3666352
3559361
3779723
4294340
4931675
5439621
5574985
5190678
4294881
3056104
1757762
711903
164825
219490
810497
1726626
2685977
3427961
3798889
3795286
3559130
3318929
3304166
3655754
4371385
5296365
6171023
6712519
6710886
6099697
4982766
3605591
2281533
1292983
809220
837777
1232919
1750445
2138924
2226331
1980943
1518989
1063407
861108
1093033
1801862
2869729
4045703
5022713
5532131
5428000
4732818
3628943
2397160
1326810
625088
355346
423300
621031
706634
495444
-70670
-896425
-1761011
-2391492
-2557371
-2150103
-1227108
0
1227108
2150103
2557371
2391492
1761011
896425
70670
-495444
-706634
-621031
-423300
-355346
-625088
-1326810
-2397160
-3628943
-4732818
-5428000
-5532131
-5022713
-4045703
-2869729
-1801862
-1093033
-861108
-1063407
-1518989
-1980943
-2226331
-2138924
-1750445
-1232919
-837777
-809220
-1292983
-2281533
-3605591
-4982766
-6099697
-6710886
-6712519
-6171023
-5296365
-4371385
-3655754
-3304166
-3318929
-3559130
-3795286
-3798889
-3427961
-2685977
-1726626
-810497
-219490
-164825
-711903
-1757762
-3056104
-4294881
-5190678
-5574985
-5439621
-4931675
-4294340
-3779723
-3559361
-3666352
-3983492
-4288411
-4333885
-3940337
-3064167
-1823690
-469701
689391
1385815
1473286
974262
69813
-958500
-1821532
-2312311
-2368694
-2084286
-1667070
-1359346
-1346897
-1687278
-2285136
-2920226
-3320612
-3255340
-2615662
-1459721
0
1459721
2615662
3255340
3320612
2920226
2285136
1687278
1346897
1359346
1667070
2084286
2368694
2312311
1821532
958500
-69813
-974262
-1473286
-1385815
-689391
469701
1823690
3064167
3940337
4333885
4288411
3983492
3666352
3559361
3779723
4294340
4931675
5439621
5574985
5190678
4294881
3056104
1757762
711903
164825
219490
810497
1726626
2685977
3427961
3798889
3795286
3559130
3318929
3304166
3655754
4371385
5296365
6171023
6712519
6710886
6099697
4982766
3605591
2281533
1292983
809220
837777
1232919
1750445
2138924
2226331
1980943
1518989
1063407
861108
1093033
1801862
2869729
4045703
5022713
5532131
5428000
4732818
3628943
2397160
1326810
625088
355346
423300
621031
706634
495444
-70670
-896425
-1761011
-2391492
-2557371
-2150103
-1227108
0
1227108
2150103
2557371
2391492
1761011
896425
70670
-495444
-706634
-621031
-423300
-355346
-625088
-1326810
-2397160
-3628943
-4732818
-5428000
-5532131
-5022713
-4045703
-2869729
-1801862
-1093033
-861108
-1063407
-1518989
-1980943
-2226331
-2138924
-1750445
-1232919
-837777
-809220
-1292983
-2281533
-3605591
-4982766
-6099697
-6710886
-6712519
-6171023
-5296365
-4371385
-3655754
-3304166
-3318929
-3559130
-3795945
-3800206
-3429228
-2685977
-1724765
-807282
-216710
-164825
-716425
-1765541
-3062664
-4294881
-5181462
-5559713
-5427009
-4931675
-4311056
-3806835
-3581197
-3666352
-3956120
-4245026
-4299587
-3940337
-3107293
-1891639
-523057
689391
1450376
1573784
1052510
69813
-1053884
-1970171
-2428057
-2368694
-1943223
-1446347
-1186021
-1346897
-1903933
-2630601
-3197735
-3320612
-2884690
-1993587
-923243
0
536478
622075
370650
0
-277509
-345465
-216655
0
173325
220723
141063
0
-115747
-148639
-95384
0
78248
100498
64561
0
-53355
-67949
-43127
0
34298
43386
27373
0
-21836
-27112
-16716
0
12612
15272
9216
0
-6560
-7779
-4522
0
2780
3215
1861
0
-1267
-1317
-659
0
0
0
0
0
0
0
0
0
0
0
0
0
0
0
0
0
0
0
0
0
0
0
0
0
0
0
0
0
0
0
0
0
0
0
0
0
0
