0
-2
-2
-3
-2
0
2
3
3
0
-4
-5
-4
0
5
8
7
0
-7
-12
-10
-2
9
16
15
4
-11
-22
-21
-7
14
29
29
10
-17
-38
-38
-15
20
48
50
22
-24
-61
-65
-30
28
76
83
41
-32
-93
-105
-54
36
114
131
71
-40
-139
-164
-92
44
168
204
119
-48
-204
-253
-153
52
249
317
199
-55
-306
-401
-261
58
384
518
350
-61
-498
-696
-491
63
688
1008
752
-64
-1082
-1717
-1416
65
2497
5208
7326
8126
7326
5208
2497
65
-1416
-1717
-1082
-64
752
1008
688
63
-491
-696
-498
-61
350
518
384
58
-261
-401
-306
-55
199
317
249
52
-153
-253
-204
-48
119
204
168
44
-92
-164
-139
-40
71
131
114
36
-54
-105
-93
-32
41
83
76
28
-30
-65
-61
-24
22
50
48
20
-15
-38
-38
-17
10
29
29
14
-7
-21
-22
-11
4
15
16
9
-2
-10
-12
-7
0
7
8
5
0
-4
-5
-4
0
3
3
2
0
-2
-3
-2
-2
0
